 Mini_CREATE               SWAT+ Jan 11 2024        MODULAR Rev 2024.61.0                                 
   jday   mon   day    yr   unit  gis_id  name                    flo_in          geo_bf         flo_out           peakr         sed_in        sed_out         washld          bedld            dep        deg_btm       deg_bank         hc_sed          width          depth          slope        deg_btm       deg_bank         hc_len      flo_in_mm       aqu_in_mm      flo_out_mm        sed_stor 
                                                                   m^3/s           m^3/s           m^3/s           m^3/s           tons           tons           tons           tons           tons           tons           tons           tons              m              m            m/m              m              m              m             mm              mm              mm            tons 
   366    12    31  1996         1     1  Mini_CREATE           0.2293E+03     0.8378E+02     0.2293E+03     0.7686E+03     0.1235E+02     0.1381E+02     0.6174E+01     0.0000E+00     0.5972E+01     0.4061E-02     0.7633E+01     0.0000E+00     0.2569E+01     0.2911E+00     0.8800E-03     0.1106E-03     0.1032E+01     0.0000E+00     0.8804E+05     0.5756E+05     0.8803E+05     0.2845E+01
   365    12    31  1997         1     1  Mini_CREATE           0.2875E+03     0.9207E+02     0.2875E+03     0.9764E+03     0.1578E+02     0.1786E+02     0.7891E+01     0.0000E+00     0.7238E+01     0.2026E+00     0.9763E+01     0.0000E+00     0.2569E+01     0.2911E+00     0.8800E-03     0.5515E-02     0.1091E+01     0.0000E+00     0.1193E+06     0.7162E+05     0.1193E+06     0.3834E+01
   365    12    31  1998         1     1  Mini_CREATE           0.5403E+03     0.1654E+03     0.5403E+03     0.1842E+04     0.5167E+02     0.3134E+02     0.2584E+02     0.0000E+00     0.2569E+02     0.3929E+00     0.5115E+01     0.0000E+00     0.2569E+01     0.2911E+00     0.8800E-03     0.1070E-01     0.6631E+00     0.0000E+00     0.2260E+06     0.1340E+06     0.2260E+06     0.2560E+01
   365    12    31  1999         1     1  Mini_CREATE           0.3640E+03     0.1163E+03     0.3640E+03     0.1238E+04     0.1483E+02     0.1440E+02     0.7414E+01     0.0000E+00     0.6680E+01     0.1845E+00     0.6807E+01     0.0000E+00     0.2569E+01     0.2911E+00     0.8800E-03     0.5021E-02     0.6154E+00     0.0000E+00     0.1517E+06     0.9126E+05     0.1517E+06     0.2938E+01
   366    12    31  2000         1     1  Mini_CREATE           0.2960E+03     0.9916E+02     0.2961E+03     0.1002E+04     0.9985E+01     0.1311E+02     0.4993E+01     0.0000E+00     0.3585E+01     0.1993E+00     0.7918E+01     0.0000E+00     0.2569E+01     0.2911E+00     0.8800E-03     0.5425E-02     0.5260E+00     0.0000E+00     0.1211E+06     0.7500E+05     0.1211E+06     0.2993E+01
   365    12    31  2001         1     1  Mini_CREATE           0.4838E+03     0.1499E+03     0.4838E+03     0.1651E+04     0.2361E+02     0.1900E+02     0.1181E+02     0.0000E+00     0.1166E+02     0.1893E+00     0.7001E+01     0.0000E+00     0.2569E+01     0.2911E+00     0.8800E-03     0.5154E-02     0.8870E+00     0.0000E+00     0.2055E+06     0.1230E+06     0.2054E+06     0.2922E+01
   365    12    31  2002         1     1  Mini_CREATE           0.4126E+03     0.1278E+03     0.4126E+03     0.1400E+04     0.2116E+02     0.1741E+02     0.1058E+02     0.0000E+00     0.9920E+01     0.5934E-01     0.6766E+01     0.0000E+00     0.2569E+01     0.2911E+00     0.8800E-03     0.1615E-02     0.6756E+00     0.0000E+00     0.1665E+06     0.9754E+05     0.1665E+06     0.3131E+01
   365    12    31  2003         1     1  Mini_CREATE           0.1413E+03     0.4803E+02     0.1413E+03     0.4688E+03     0.1214E+02     0.1561E+02     0.6069E+01     0.0000E+00     0.4811E+01     0.1648E-01     0.9524E+01     0.0000E+00     0.2569E+01     0.2911E+00     0.8800E-03     0.4487E-03     0.7862E+00     0.0000E+00     0.5017E+05     0.2912E+05     0.5016E+05     0.4332E+01
   366    12    31  2004         1     1  Mini_CREATE           0.3508E+03     0.1097E+03     0.3508E+03     0.1190E+04     0.1986E+02     0.1864E+02     0.9932E+01     0.0000E+00     0.9010E+01     0.2540E+00     0.8459E+01     0.0000E+00     0.2569E+01     0.2911E+00     0.8800E-03     0.6916E-02     0.8110E+00     0.0000E+00     0.1446E+06     0.8546E+05     0.1446E+06     0.3184E+01
   365    12    31  2005         1     1  Mini_CREATE           0.2714E+03     0.8875E+02     0.2714E+03     0.9165E+03     0.2126E+02     0.1896E+02     0.1063E+02     0.0000E+00     0.9326E+01     0.2203E+00     0.8114E+01     0.0000E+00     0.2569E+01     0.2911E+00     0.8800E-03     0.5997E-02     0.6039E+00     0.0000E+00     0.1081E+06     0.6576E+05     0.1081E+06     0.3145E+01
   365    12    31  2006         1     1  Mini_CREATE           0.1424E+03     0.5051E+02     0.1424E+03     0.4677E+03     0.9920E+01     0.1435E+02     0.4960E+01     0.0000E+00     0.3983E+01     0.0000E+00     0.9391E+01     0.0000E+00     0.2569E+01     0.2911E+00     0.8800E-03     0.0000E+00     0.8619E+00     0.0000E+00     0.4480E+05     0.2625E+05     0.4480E+05     0.3810E+01
   365    12    31  2007         1     1  Mini_CREATE           0.3363E+03     0.1065E+03     0.3363E+03     0.1139E+04     0.1768E+02     0.1719E+02     0.8841E+01     0.0000E+00     0.7892E+01     0.1249E+00     0.8226E+01     0.0000E+00     0.2569E+01     0.2911E+00     0.8800E-03     0.3400E-02     0.8201E+00     0.0000E+00     0.1349E+06     0.7871E+05     0.1349E+06     0.2709E+01
   366    12    31  2008         1     1  Mini_CREATE           0.2541E+03     0.8340E+02     0.2541E+03     0.8614E+03     0.1077E+02     0.1519E+02     0.5383E+01     0.0000E+00     0.4323E+01     0.1657E+00     0.9641E+01     0.0000E+00     0.2569E+01     0.2911E+00     0.8800E-03     0.4511E-02     0.7912E+00     0.0000E+00     0.1052E+06     0.6449E+05     0.1052E+06     0.3893E+01
   365    12    31  2009         1     1  Mini_CREATE           0.1955E+03     0.6481E+02     0.1955E+03     0.6576E+03     0.1266E+02     0.1714E+02     0.6328E+01     0.0000E+00     0.5409E+01     0.9928E-02     0.1080E+02     0.0000E+00     0.2569E+01     0.2911E+00     0.8800E-03     0.2703E-03     0.9827E+00     0.0000E+00     0.7671E+05     0.4683E+05     0.7671E+05     0.4196E+01
   365    12    31  2010         1     1  Mini_CREATE           0.2837E+03     0.9080E+02     0.2837E+03     0.9599E+03     0.1840E+02     0.1954E+02     0.9201E+01     0.0000E+00     0.8644E+01     0.1973E+00     0.1014E+02     0.0000E+00     0.2569E+01     0.2911E+00     0.8800E-03     0.5372E-02     0.1057E+01     0.0000E+00     0.1145E+06     0.6805E+05     0.1145E+06     0.3968E+01
   365    12    31  2011         1     1  Mini_CREATE           0.2317E+03     0.7735E+02     0.2317E+03     0.7783E+03     0.1620E+02     0.1778E+02     0.8098E+01     0.0000E+00     0.6307E+01     0.1596E+00     0.9525E+01     0.0000E+00     0.2569E+01     0.2911E+00     0.8800E-03     0.4345E-02     0.6653E+00     0.0000E+00     0.8986E+05     0.5377E+05     0.8987E+05     0.3603E+01
   366    12    31  2012         1     1  Mini_CREATE           0.2763E+03     0.9026E+02     0.2763E+03     0.9363E+03     0.1677E+02     0.1986E+02     0.8386E+01     0.0000E+00     0.7751E+01     0.1951E+00     0.1128E+02     0.0000E+00     0.2569E+01     0.2911E+00     0.8800E-03     0.5310E-02     0.1093E+01     0.0000E+00     0.1127E+06     0.6887E+05     0.1127E+06     0.3815E+01
   365    12    31  2013         1     1  Mini_CREATE           0.2051E+03     0.6925E+02     0.2051E+03     0.6876E+03     0.1252E+02     0.1780E+02     0.6262E+01     0.0000E+00     0.4699E+01     0.2720E+00     0.1126E+02     0.0000E+00     0.2569E+01     0.2911E+00     0.8800E-03     0.7405E-02     0.8791E+00     0.0000E+00     0.7837E+05     0.4695E+05     0.7838E+05     0.3992E+01
   365    12    31  2014         1     1  Mini_CREATE           0.8903E+02     0.3364E+02     0.8906E+02     0.2912E+03     0.5185E+01     0.8082E+01     0.2593E+01     0.0000E+00     0.2010E+01     0.0000E+00     0.5489E+01     0.0000E+00     0.2569E+01     0.2911E+00     0.8800E-03     0.0000E+00     0.4408E+00     0.0000E+00     0.2829E+05     0.1707E+05     0.2830E+05     0.2392E+01
   365    12    31  2015         1     1  Mini_CREATE           0.1342E+03     0.4573E+02     0.1341E+03     0.4463E+03     0.9147E+01     0.1237E+02     0.4573E+01     0.0000E+00     0.4006E+01     0.0000E+00     0.7798E+01     0.0000E+00     0.2569E+01     0.2911E+00     0.8800E-03     0.0000E+00     0.6587E+00     0.0000E+00     0.4813E+05     0.2878E+05     0.4811E+05     0.3162E+01
   366    12    31  2016         1     1  Mini_CREATE           0.2186E+03     0.7154E+02     0.2186E+03     0.7325E+03     0.1595E+02     0.1743E+02     0.7976E+01     0.0000E+00     0.7418E+01     0.4275E-01     0.9415E+01     0.0000E+00     0.2569E+01     0.2911E+00     0.8800E-03     0.1164E-02     0.9179E+00     0.0000E+00     0.8212E+05     0.4716E+05     0.8212E+05     0.3682E+01
   365    12    31  2017         1     1  Mini_CREATE           0.4602E+03     0.1428E+03     0.4602E+03     0.1570E+04     0.2257E+02     0.2121E+02     0.1128E+02     0.0000E+00     0.1062E+02     0.2932E+00     0.9628E+01     0.0000E+00     0.2569E+01     0.2911E+00     0.8800E-03     0.7982E-02     0.9053E+00     0.0000E+00     0.1961E+06     0.1152E+06     0.1961E+06     0.3334E+01
   365    12    31  2018         1     1  Mini_CREATE           0.2165E+03     0.7519E+02     0.2165E+03     0.7314E+03     0.6103E+01     0.8648E+01     0.3052E+01     0.0000E+00     0.2513E+01     0.7812E-01     0.5518E+01     0.0000E+00     0.2569E+01     0.2911E+00     0.8800E-03     0.2127E-02     0.4305E+00     0.0000E+00     0.8548E+05     0.5466E+05     0.8551E+05     0.2252E+01
   365    12    31  2019         1     1  Mini_CREATE           0.1776E+03     0.5929E+02     0.1776E+03     0.5942E+03     0.1214E+02     0.1625E+02     0.6072E+01     0.0000E+00     0.5350E+01     0.4851E-01     0.1013E+02     0.0000E+00     0.2569E+01     0.2911E+00     0.8800E-03     0.1321E-02     0.8767E+00     0.0000E+00     0.6620E+05     0.3978E+05     0.6617E+05     0.3965E+01
   366    12    31  2020         1     1  Mini_CREATE           0.2209E+03     0.7472E+02     0.2210E+03     0.7461E+03     0.9834E+01     0.1455E+02     0.4917E+01     0.0000E+00     0.3480E+01     0.1158E+00     0.9516E+01     0.0000E+00     0.2569E+01     0.2911E+00     0.8800E-03     0.3152E-02     0.6164E+00     0.0000E+00     0.8988E+05     0.5612E+05     0.8990E+05     0.4050E+01
   365    12    31  2021         1     1  Mini_CREATE           0.1283E+03     0.4462E+02     0.1283E+03     0.4252E+03     0.1035E+02     0.1320E+02     0.5175E+01     0.0000E+00     0.4275E+01     0.0000E+00     0.8022E+01     0.0000E+00     0.2569E+01     0.2911E+00     0.8800E-03     0.0000E+00     0.5998E+00     0.0000E+00     0.4499E+05     0.2698E+05     0.4499E+05     0.3581E+01
