 Mini_CREATE               SWAT+ Jan 11 2024        MODULAR Rev 2024.61.0                                 
       year     plant_no   plant_name       harv_area(ha)    yld(t)         yld(t/ha)      
        2021           1 frsd              0.0000000E+00  0.0000000E+00  0.0000000E+00
        2021           2 frse              0.0000000E+00  0.0000000E+00  0.0000000E+00
        2021           3 frst              0.0000000E+00  0.0000000E+00  0.0000000E+00
        2021           4 orcd               2.044613      0.5325209      0.2604508    
        2021           5 rnge               17.16345      0.0000000E+00  0.0000000E+00
        2021           6 wetl              0.0000000E+00  0.0000000E+00  0.0000000E+00
        2021           7 fesc               798.4664       372.0208      0.4659190    
        2021           8 lupn               148.2538       111.8186      0.7542378    
        2021           9 oats               146.4310       359.7472       2.456769    
        2021          10 barl               85.30756       241.3604       2.829297    
        2021          11 fpea               64.83719       234.9162       3.623171    
        2021          12 pota               211.2215       871.6795       4.126852    
        2021          13 buck               19.18501       28.63302       1.492468    
        2021          14 canp               240.4069       727.4503       3.025913    
        2021          15 wwht               238.6516       447.6358       1.875688    
        2021          16 rye                98.66875       382.8091       3.879740    
        2021          17 trit               130.1385       634.1140       4.872607    
        2021          18 csil               15.83224       128.1740       8.095759    
        2021          19 lmix              0.0000000E+00  0.0000000E+00  0.0000000E+00
