 Mini_CREATE               SWAT+ Jan 11 2024        MODULAR Rev 2024.61.0                                 
       year     plant_no   plant_name       harv_area(ha)    yld(t)         yld(t/ha)      
        1995           1 frsd              0.0000000E+00  0.0000000E+00  0.0000000E+00
        1995           2 frse              0.0000000E+00  0.0000000E+00  0.0000000E+00
        1995           3 frst              0.0000000E+00  0.0000000E+00  0.0000000E+00
        1995           4 orcd               1.975940      7.8203246E-02  3.9577723E-02
        1995           5 rnge               16.58698      0.0000000E+00  0.0000000E+00
        1995           6 wetl              0.0000000E+00  0.0000000E+00  0.0000000E+00
        1995           7 fesc               564.3674       179.2466      0.3176062    
        1995           8 lupn               166.7163       160.2752      0.9613649    
        1995           9 oats               74.50556       247.6563       3.323997    
        1995          10 barl               36.47241       159.3958       4.370311    
        1995          11 fpea               85.49305       484.9461       5.672345    
        1995          12 pota               256.7287       1849.762       7.205123    
        1995          13 buck               8.182180       20.27804       2.478317    
        1995          14 canp               59.04479       244.0350       4.133049    
        1995          15 wwht               406.5341       1542.210       3.793556    
        1995          16 rye                111.4482       725.1064       6.506219    
        1995          17 trit               215.2103       2012.907       9.353212    
        1995          18 csil               31.12765       310.6686       9.980472    
        1995          19 lmix              0.0000000E+00  0.0000000E+00  0.0000000E+00
        1996           1 frsd              0.0000000E+00  0.0000000E+00  0.0000000E+00
        1996           2 frse              0.0000000E+00  0.0000000E+00  0.0000000E+00
        1996           3 frst              0.0000000E+00  0.0000000E+00  0.0000000E+00
        1996           4 orcd               1.975940      0.2553622      0.1292357    
        1996           5 rnge               16.58698      0.0000000E+00  0.0000000E+00
        1996           6 wetl              0.0000000E+00  0.0000000E+00  0.0000000E+00
        1996           7 fesc               698.8049       463.7232      0.6635947    
        1996           8 lupn               172.3726       87.85316      0.5096700    
        1996           9 oats               95.95760       241.0455       2.512000    
        1996          10 barl               122.1565       288.9442       2.365360    
        1996          11 fpea               73.09443       314.6384       4.304547    
        1996          12 pota               108.4921       89.66898      0.8265025    
        1996          13 buck               24.60551       33.49377       1.361230    
        1996          14 canp               405.8141       1176.839       2.899945    
        1996          15 wwht               186.2944       183.8297      0.9867696    
        1996          16 rye                100.6520       387.8404       3.853280    
        1996          17 trit               87.42445       476.5612       5.451119    
        1996          18 csil               8.496810       68.87910       8.106465    
        1996          19 lmix              0.0000000E+00  0.0000000E+00  0.0000000E+00
        1997           1 frsd              0.0000000E+00  0.0000000E+00  0.0000000E+00
        1997           2 frse              0.0000000E+00  0.0000000E+00  0.0000000E+00
        1997           3 frst              0.0000000E+00  0.0000000E+00  0.0000000E+00
        1997           4 orcd               1.975940      0.3122373      0.1580196    
        1997           5 rnge               16.58698      0.0000000E+00  0.0000000E+00
        1997           6 wetl              0.0000000E+00  0.0000000E+00  0.0000000E+00
        1997           7 fesc               964.4236       480.7319      0.4984655    
        1997           8 lupn               197.4043       163.4859      0.8281782    
        1997           9 oats               157.4410       420.6811       2.671992    
        1997          10 barl               154.4239       133.3399      0.8634669    
        1997          11 fpea               5.198920       18.24991       3.510327    
        1997          12 pota               260.0756       940.8716       3.617685    
        1997          13 buck               9.106939       15.74094       1.728455    
        1997          14 canp               298.7375       604.6381       2.023978    
        1997          15 wwht               67.65368       130.5349       1.929458    
        1997          16 rye                68.76181       245.6706       3.572776    
        1997          17 trit               30.39439       158.2151       5.205406    
        1997          18 csil               8.512751       75.70628       8.893280    
        1997          19 lmix              0.0000000E+00  0.0000000E+00  0.0000000E+00
        1998           1 frsd              0.0000000E+00  0.0000000E+00  0.0000000E+00
        1998           2 frse              0.0000000E+00  0.0000000E+00  0.0000000E+00
        1998           3 frst              0.0000000E+00  0.0000000E+00  0.0000000E+00
        1998           4 orcd               1.975940      0.3604688      0.1824289    
        1998           5 rnge               16.58698      0.0000000E+00  0.0000000E+00
        1998           6 wetl              0.0000000E+00  0.0000000E+00  0.0000000E+00
        1998           7 fesc               1064.598       667.3702      0.6268751    
        1998           8 lupn               107.4853       78.27839      0.7282708    
        1998           9 oats               141.1177       305.0124       2.161405    
        1998          10 barl               54.54786       161.7603       2.965475    
        1998          11 fpea               115.0552       66.21632      0.5755181    
        1998          12 pota               132.7863       499.4915       3.761619    
        1998          13 buck               18.13002       20.56111       1.134092    
        1998          14 canp               73.50423       424.4714       5.774789    
        1998          15 wwht               421.5923       279.9289      0.6639801    
        1998          16 rye                38.27672       109.9329       2.872056    
        1998          17 trit               87.85533       414.0257       4.712585    
        1998          18 csil               20.42340       147.3393       7.214238    
        1998          19 lmix              0.0000000E+00  0.0000000E+00  0.0000000E+00
        1999           1 frsd              0.0000000E+00  0.0000000E+00  0.0000000E+00
        1999           2 frse              0.0000000E+00  0.0000000E+00  0.0000000E+00
        1999           3 frst              0.0000000E+00  0.0000000E+00  0.0000000E+00
        1999           4 orcd               1.975940      0.3481747      0.1762071    
        1999           5 rnge               16.58698      0.0000000E+00  0.0000000E+00
        1999           6 wetl              0.0000000E+00  0.0000000E+00  0.0000000E+00
        1999           7 fesc               622.0728       86.77065      0.1394863    
        1999           8 lupn               61.88545       41.27774      0.6670023    
        1999           9 oats               261.0549       372.7121       1.427715    
        1999          10 barl               45.86216       169.9145       3.704896    
        1999          11 fpea               27.80220       37.96410       1.365507    
        1999          12 pota               271.1597       855.9138       3.156493    
        1999          13 buck               33.53731       40.24048       1.199872    
        1999          14 canp               324.5222       311.1585      0.9588203    
        1999          15 wwht               44.79409       90.99004       2.031296    
        1999          16 rye                153.3569       354.6218       2.312395    
        1999          17 trit               197.7336       854.4231       4.321082    
        1999          18 csil               6.137110       55.28440       9.008213    
        1999          19 lmix              0.0000000E+00  0.0000000E+00  0.0000000E+00
        2000           1 frsd              0.0000000E+00  0.0000000E+00  0.0000000E+00
        2000           2 frse              0.0000000E+00  0.0000000E+00  0.0000000E+00
        2000           3 frst              0.0000000E+00  0.0000000E+00  0.0000000E+00
        2000           4 orcd               1.975940      0.3872982      0.1960070    
        2000           5 rnge               16.58698      0.0000000E+00  0.0000000E+00
        2000           6 wetl              0.0000000E+00  0.0000000E+00  0.0000000E+00
        2000           7 fesc               564.3676       17.84072      3.1611875E-02
        2000           8 lupn               166.7163       131.7872      0.7904878    
        2000           9 oats               74.50557       193.3290       2.594826    
        2000          10 barl               36.47241       136.1722       3.733566    
        2000          11 fpea               85.49306       431.2889       5.044724    
        2000          12 pota               256.7287       1413.718       5.506663    
        2000          13 buck               8.182180       11.45420       1.399896    
        2000          14 canp               59.04479       316.9689       5.368279    
        2000          15 wwht               406.5341       548.3035       1.348727    
        2000          16 rye                111.4482       363.0537       3.257600    
        2000          17 trit               215.2103       774.8903       3.600619    
        2000          18 csil               31.12765       247.8322       7.961803    
        2000          19 lmix              0.0000000E+00  0.0000000E+00  0.0000000E+00
        2001           1 frsd              0.0000000E+00  0.0000000E+00  0.0000000E+00
        2001           2 frse              0.0000000E+00  0.0000000E+00  0.0000000E+00
        2001           3 frst              0.0000000E+00  0.0000000E+00  0.0000000E+00
        2001           4 orcd               1.975940      0.4181708      0.2116312    
        2001           5 rnge               16.58698      0.0000000E+00  0.0000000E+00
        2001           6 wetl              0.0000000E+00  0.0000000E+00  0.0000000E+00
        2001           7 fesc               698.8049       346.1912      0.4954047    
        2001           8 lupn               172.3726       64.84170      0.3761717    
        2001           9 oats               95.95761       215.8204       2.249122    
        2001          10 barl               122.1565       286.9254       2.348834    
        2001          11 fpea               73.09443       245.7756       3.362440    
        2001          12 pota               108.4921       52.74283      0.4861445    
        2001          13 buck               24.60551       34.41897       1.398832    
        2001          14 canp               405.8141       1132.802       2.791431    
        2001          15 wwht               186.2944       235.4116       1.263653    
        2001          16 rye                100.6520       357.8659       3.555477    
        2001          17 trit               87.42445       528.3580       6.043595    
        2001          18 csil               8.496810       64.25566       7.562327    
        2001          19 lmix              0.0000000E+00  0.0000000E+00  0.0000000E+00
        2002           1 frsd              0.0000000E+00  0.0000000E+00  0.0000000E+00
        2002           2 frse              0.0000000E+00  0.0000000E+00  0.0000000E+00
        2002           3 frst              0.0000000E+00  0.0000000E+00  0.0000000E+00
        2002           4 orcd               1.975940      0.4088542      0.2069162    
        2002           5 rnge               16.58698      0.0000000E+00  0.0000000E+00
        2002           6 wetl              0.0000000E+00  0.0000000E+00  0.0000000E+00
        2002           7 fesc               964.4236       518.3224      0.5374426    
        2002           8 lupn               197.4043       127.8534      0.6476731    
        2002           9 oats               157.4410       418.7119       2.659484    
        2002          10 barl               154.4239       200.8720       1.300783    
        2002          11 fpea               5.198920       27.83761       5.354497    
        2002          12 pota               260.0756       352.7014       1.356150    
        2002          13 buck               9.106939       14.37401       1.578358    
        2002          14 canp               298.7375       563.3477       1.885761    
        2002          15 wwht               67.65368       212.4659       3.140493    
        2002          16 rye                68.76181       248.5828       3.615129    
        2002          17 trit               30.39439       149.1074       4.905755    
        2002          18 csil               8.512751       72.65517       8.534863    
        2002          19 lmix              0.0000000E+00  0.0000000E+00  0.0000000E+00
        2003           1 frsd              0.0000000E+00  0.0000000E+00  0.0000000E+00
        2003           2 frse              0.0000000E+00  0.0000000E+00  0.0000000E+00
        2003           3 frst              0.0000000E+00  0.0000000E+00  0.0000000E+00
        2003           4 orcd               1.975940      0.4548873      0.2302130    
        2003           5 rnge               16.58698      0.0000000E+00  0.0000000E+00
        2003           6 wetl              0.0000000E+00  0.0000000E+00  0.0000000E+00
        2003           7 fesc               1064.598       971.2524      0.9123183    
        2003           8 lupn               107.4853       91.65788      0.8527481    
        2003           9 oats               141.1176       422.9875       2.997410    
        2003          10 barl               54.54786       190.4418       3.491278    
        2003          11 fpea               115.0552       185.0455       1.608320    
        2003          12 pota               132.7863       642.5081       4.838662    
        2003          13 buck               18.13002       31.42872       1.733518    
        2003          14 canp               73.50423       356.3342       4.847805    
        2003          15 wwht               421.5923       817.9804       1.940217    
        2003          16 rye                38.27672       173.6042       4.535503    
        2003          17 trit               87.85533       451.3001       5.136855    
        2003          18 csil               20.42340       177.1751       8.675101    
        2003          19 lmix              0.0000000E+00  0.0000000E+00  0.0000000E+00
        2004           1 frsd              0.0000000E+00  0.0000000E+00  0.0000000E+00
        2004           2 frse              0.0000000E+00  0.0000000E+00  0.0000000E+00
        2004           3 frst              0.0000000E+00  0.0000000E+00  0.0000000E+00
        2004           4 orcd               1.975940      0.5321910      0.2693355    
        2004           5 rnge               16.58698      0.0000000E+00  0.0000000E+00
        2004           6 wetl              0.0000000E+00  0.0000000E+00  0.0000000E+00
        2004           7 fesc               622.0727       97.57302      0.1568515    
        2004           8 lupn               61.88545       54.94248      0.8878093    
        2004           9 oats               261.0549       477.6431       1.829665    
        2004          10 barl               45.86216       165.5980       3.610775    
        2004          11 fpea               27.80220       58.54807       2.105879    
        2004          12 pota               271.1597       1010.739       3.727468    
        2004          13 buck               33.53731       40.97076       1.221647    
        2004          14 canp               324.5222       877.1230       2.702814    
        2004          15 wwht               44.79409       55.06872       1.229375    
        2004          16 rye                153.3569       495.0326       3.227977    
        2004          17 trit               197.7336       932.5854       4.716373    
        2004          18 csil               6.137110       45.81857       7.465821    
        2004          19 lmix              0.0000000E+00  0.0000000E+00  0.0000000E+00
        2005           1 frsd              0.0000000E+00  0.0000000E+00  0.0000000E+00
        2005           2 frse              0.0000000E+00  0.0000000E+00  0.0000000E+00
        2005           3 frst              0.0000000E+00  0.0000000E+00  0.0000000E+00
        2005           4 orcd               1.975940      0.5201879      0.2632608    
        2005           5 rnge               16.58698      0.0000000E+00  0.0000000E+00
        2005           6 wetl              0.0000000E+00  0.0000000E+00  0.0000000E+00
        2005           7 fesc               564.3674      0.0000000E+00  0.0000000E+00
        2005           8 lupn               166.7163       169.8904       1.019039    
        2005           9 oats               74.50558       204.2777       2.741777    
        2005          10 barl               36.47241       134.2423       3.680652    
        2005          11 fpea               85.49305       389.8334       4.559826    
        2005          12 pota               256.7287       1005.617       3.917043    
        2005          13 buck               8.182180       11.28005       1.378612    
        2005          14 canp               59.04479       259.0759       4.387786    
        2005          15 wwht               406.5341       310.7862      0.7644775    
        2005          16 rye                111.4482       308.1364       2.764840    
        2005          17 trit               215.2103       770.1703       3.578687    
        2005          18 csil               31.12765       182.2438       5.854722    
        2005          19 lmix              0.0000000E+00  0.0000000E+00  0.0000000E+00
        2006           1 frsd              0.0000000E+00  0.0000000E+00  0.0000000E+00
        2006           2 frse              0.0000000E+00  0.0000000E+00  0.0000000E+00
        2006           3 frst              0.0000000E+00  0.0000000E+00  0.0000000E+00
        2006           4 orcd               1.975940      0.5666095      0.2867543    
        2006           5 rnge               16.58698      0.0000000E+00  0.0000000E+00
        2006           6 wetl              0.0000000E+00  0.0000000E+00  0.0000000E+00
        2006           7 fesc               698.8047       355.8121      0.5091725    
        2006           8 lupn               172.3726       102.3707      0.5938919    
        2006           9 oats               95.95760       242.6366       2.528581    
        2006          10 barl               122.1565       322.9969       2.644123    
        2006          11 fpea               73.09444       361.3018       4.942945    
        2006          12 pota               108.4921       258.3695       2.381460    
        2006          13 buck               24.60551       38.58937       1.568322    
        2006          14 canp               405.8141       1307.446       3.221785    
        2006          15 wwht               186.2945       152.3126      0.8175907    
        2006          16 rye                100.6520       440.0366       4.371861    
        2006          17 trit               87.42445       405.0958       4.633667    
        2006          18 csil               8.496810       62.76620       7.387031    
        2006          19 lmix              0.0000000E+00  0.0000000E+00  0.0000000E+00
        2007           1 frsd              0.0000000E+00  0.0000000E+00  0.0000000E+00
        2007           2 frse              0.0000000E+00  0.0000000E+00  0.0000000E+00
        2007           3 frst              0.0000000E+00  0.0000000E+00  0.0000000E+00
        2007           4 orcd               1.975940      0.6365120      0.3221311    
        2007           5 rnge               16.58698      0.0000000E+00  0.0000000E+00
        2007           6 wetl              0.0000000E+00  0.0000000E+00  0.0000000E+00
        2007           7 fesc               964.4237       605.3621      0.6276931    
        2007           8 lupn               197.4043       141.4723      0.7166628    
        2007           9 oats               157.4410       398.2496       2.529516    
        2007          10 barl               154.4239       197.5971       1.279576    
        2007          11 fpea               5.198920       26.10941       5.022083    
        2007          12 pota               260.0756       756.9268       2.910411    
        2007          13 buck               9.106939       15.07272       1.655081    
        2007          14 canp               298.7375       568.3766       1.902595    
        2007          15 wwht               67.65368       214.3907       3.168944    
        2007          16 rye                68.76181       292.0953       4.247929    
        2007          17 trit               30.39439       151.7427       4.992458    
        2007          18 csil               8.512751       70.62079       8.295883    
        2007          19 lmix              0.0000000E+00  0.0000000E+00  0.0000000E+00
        2008           1 frsd              0.0000000E+00  0.0000000E+00  0.0000000E+00
        2008           2 frse              0.0000000E+00  0.0000000E+00  0.0000000E+00
        2008           3 frst              0.0000000E+00  0.0000000E+00  0.0000000E+00
        2008           4 orcd               1.975940      0.5871136      0.2971312    
        2008           5 rnge               16.58698      0.0000000E+00  0.0000000E+00
        2008           6 wetl              0.0000000E+00  0.0000000E+00  0.0000000E+00
        2008           7 fesc               1064.598       622.5010      0.5847287    
        2008           8 lupn               107.4853       105.1568      0.9783369    
        2008           9 oats               141.1177       412.1569       2.920661    
        2008          10 barl               54.54787       203.6031       3.732559    
        2008          11 fpea               115.0552       180.8171       1.571569    
        2008          12 pota               132.7863       567.1830       4.271396    
        2008          13 buck               18.13002       29.64012       1.634864    
        2008          14 canp               73.50423       312.1477       4.246664    
        2008          15 wwht               421.5923       925.1127       2.194330    
        2008          16 rye                38.27672       157.3618       4.111161    
        2008          17 trit               87.85533       423.2358       4.817418    
        2008          18 csil               20.42340       184.4842       9.032983    
        2008          19 lmix              0.0000000E+00  0.0000000E+00  0.0000000E+00
        2009           1 frsd              0.0000000E+00  0.0000000E+00  0.0000000E+00
        2009           2 frse              0.0000000E+00  0.0000000E+00  0.0000000E+00
        2009           3 frst              0.0000000E+00  0.0000000E+00  0.0000000E+00
        2009           4 orcd               1.975940      0.5951649      0.3012058    
        2009           5 rnge               16.58698      0.0000000E+00  0.0000000E+00
        2009           6 wetl              0.0000000E+00  0.0000000E+00  0.0000000E+00
        2009           7 fesc               622.0726       179.1568      0.2879997    
        2009           8 lupn               61.88545       50.56388      0.8170559    
        2009           9 oats               261.0549       499.5955       1.913756    
        2009          10 barl               45.86216       200.0146       4.361213    
        2009          11 fpea               27.80220       90.66559       3.261094    
        2009          12 pota               271.1597       1417.904       5.229036    
        2009          13 buck               33.53731       43.73006       1.303923    
        2009          14 canp               324.5222       1091.822       3.364399    
        2009          15 wwht               44.79409       128.3571       2.865492    
        2009          16 rye                153.3569       612.9734       3.997037    
        2009          17 trit               197.7336       1113.818       5.632923    
        2009          18 csil               6.137110       56.05100       9.133124    
        2009          19 lmix              0.0000000E+00  0.0000000E+00  0.0000000E+00
        2010           1 frsd              0.0000000E+00  0.0000000E+00  0.0000000E+00
        2010           2 frse              0.0000000E+00  0.0000000E+00  0.0000000E+00
        2010           3 frst              0.0000000E+00  0.0000000E+00  0.0000000E+00
        2010           4 orcd               1.975940      0.6038740      0.3056134    
        2010           5 rnge               16.58698      0.0000000E+00  0.0000000E+00
        2010           6 wetl              0.0000000E+00  0.0000000E+00  0.0000000E+00
        2010           7 fesc               564.3674       3.356776      5.9478562E-03
        2010           8 lupn               166.7162       180.0213       1.079807    
        2010           9 oats               74.50556       217.5022       2.919274    
        2010          10 barl               36.47241       152.5622       4.182950    
        2010          11 fpea               85.49306       462.1072       5.405201    
        2010          12 pota               256.7286       1137.701       4.431530    
        2010          13 buck               8.182180       11.42680       1.396547    
        2010          14 canp               59.04478       308.2794       5.221111    
        2010          15 wwht               406.5341       435.3633       1.070914    
        2010          16 rye                111.4482       362.1130       3.249160    
        2010          17 trit               215.2103       861.7579       4.004260    
        2010          18 csil               31.12765       200.1026       6.428453    
        2010          19 lmix              0.0000000E+00  0.0000000E+00  0.0000000E+00
        2011           1 frsd              0.0000000E+00  0.0000000E+00  0.0000000E+00
        2011           2 frse              0.0000000E+00  0.0000000E+00  0.0000000E+00
        2011           3 frst              0.0000000E+00  0.0000000E+00  0.0000000E+00
        2011           4 orcd               1.975940      0.6478636      0.3278760    
        2011           5 rnge               16.58698      0.0000000E+00  0.0000000E+00
        2011           6 wetl              0.0000000E+00  0.0000000E+00  0.0000000E+00
        2011           7 fesc               698.8048       344.7859      0.4933937    
        2011           8 lupn               172.3726       121.4898      0.7048090    
        2011           9 oats               95.95759       289.7201       3.019251    
        2011          10 barl               122.1565       480.4676       3.933213    
        2011          11 fpea               73.09443       416.7861       5.702023    
        2011          12 pota               108.4921       371.5046       3.424255    
        2011          13 buck               24.60551       36.22660       1.472296    
        2011          14 canp               405.8141       1455.116       3.585671    
        2011          15 wwht               186.2945       454.3149       2.438693    
        2011          16 rye                100.6520       385.8277       3.833284    
        2011          17 trit               87.42445       470.8059       5.385289    
        2011          18 csil               8.496810       78.71001       9.263476    
        2011          19 lmix              0.0000000E+00  0.0000000E+00  0.0000000E+00
        2012           1 frsd              0.0000000E+00  0.0000000E+00  0.0000000E+00
        2012           2 frse              0.0000000E+00  0.0000000E+00  0.0000000E+00
        2012           3 frst              0.0000000E+00  0.0000000E+00  0.0000000E+00
        2012           4 orcd               1.975940      0.4441941      0.2248013    
        2012           5 rnge               16.58698      0.0000000E+00  0.0000000E+00
        2012           6 wetl              0.0000000E+00  0.0000000E+00  0.0000000E+00
        2012           7 fesc               964.4237       611.5129      0.6340708    
        2012           8 lupn               197.4043       162.7035      0.8242149    
        2012           9 oats               157.4410       446.4282       2.835527    
        2012          10 barl               154.4239       278.0223       1.800384    
        2012          11 fpea               5.198920       28.74868       5.529739    
        2012          12 pota               260.0756       1019.814       3.921222    
        2012          13 buck               9.106939       16.59426       1.822155    
        2012          14 canp               298.7375       1002.045       3.354265    
        2012          15 wwht               67.65368       199.5269       2.949239    
        2012          16 rye                68.76181       310.5186       4.515859    
        2012          17 trit               30.39439       154.9952       5.099467    
        2012          18 csil               8.512751       74.05211       8.698963    
        2012          19 lmix              0.0000000E+00  0.0000000E+00  0.0000000E+00
        2013           1 frsd              0.0000000E+00  0.0000000E+00  0.0000000E+00
        2013           2 frse              0.0000000E+00  0.0000000E+00  0.0000000E+00
        2013           3 frst              0.0000000E+00  0.0000000E+00  0.0000000E+00
        2013           4 orcd               1.975940      0.4555284      0.2305374    
        2013           5 rnge               16.58698      0.0000000E+00  0.0000000E+00
        2013           6 wetl              0.0000000E+00  0.0000000E+00  0.0000000E+00
        2013           7 fesc               1064.598       762.6936      0.7164146    
        2013           8 lupn               107.4853       86.45842      0.8043745    
        2013           9 oats               141.1177       423.1198       2.998347    
        2013          10 barl               54.54786       213.1636       3.907827    
        2013          11 fpea               115.0552       142.5924       1.239339    
        2013          12 pota               132.7863       497.7615       3.748590    
        2013          13 buck               18.13002       29.73141       1.639899    
        2013          14 canp               73.50423       396.7406       5.397521    
        2013          15 wwht               421.5923       653.3760       1.549782    
        2013          16 rye                38.27673       162.0622       4.233963    
        2013          17 trit               87.85533       434.2906       4.943247    
        2013          18 csil               20.42340       198.3591       9.712345    
        2013          19 lmix              0.0000000E+00  0.0000000E+00  0.0000000E+00
        2014           1 frsd              0.0000000E+00  0.0000000E+00  0.0000000E+00
        2014           2 frse              0.0000000E+00  0.0000000E+00  0.0000000E+00
        2014           3 frst              0.0000000E+00  0.0000000E+00  0.0000000E+00
        2014           4 orcd               1.975940      0.5351341      0.2708249    
        2014           5 rnge               16.58698      0.0000000E+00  0.0000000E+00
        2014           6 wetl              0.0000000E+00  0.0000000E+00  0.0000000E+00
        2014           7 fesc               622.0728       137.2341      0.2206077    
        2014           8 lupn               61.88545       58.33233      0.9425855    
        2014           9 oats               261.0549       640.9812       2.455350    
        2014          10 barl               45.86216       202.7123       4.420034    
        2014          11 fpea               27.80220       150.3060       5.406263    
        2014          12 pota               271.1597       1481.101       5.462098    
        2014          13 buck               33.53731       51.19143       1.526402    
        2014          14 canp               324.5222       1262.671       3.890863    
        2014          15 wwht               44.79409       138.5463       3.092959    
        2014          16 rye                153.3569       710.7305       4.634485    
        2014          17 trit               197.7336       964.5884       4.878222    
        2014          18 csil               6.137110       59.01112       9.615456    
        2014          19 lmix              0.0000000E+00  0.0000000E+00  0.0000000E+00
        2015           1 frsd              0.0000000E+00  0.0000000E+00  0.0000000E+00
        2015           2 frse              0.0000000E+00  0.0000000E+00  0.0000000E+00
        2015           3 frst              0.0000000E+00  0.0000000E+00  0.0000000E+00
        2015           4 orcd               1.975940      0.6317786      0.3197356    
        2015           5 rnge               16.58698      0.0000000E+00  0.0000000E+00
        2015           6 wetl              0.0000000E+00  0.0000000E+00  0.0000000E+00
        2015           7 fesc               564.3675       96.82859      0.1715701    
        2015           8 lupn               166.7163       163.5980      0.9812958    
        2015           9 oats               74.50558       224.2055       3.009244    
        2015          10 barl               36.47241       154.0385       4.223425    
        2015          11 fpea               85.49305       401.6377       4.697899    
        2015          12 pota               256.7287       1704.117       6.637812    
        2015          13 buck               8.182180       12.23445       1.495255    
        2015          14 canp               59.04479       340.2664       5.762851    
        2015          15 wwht               406.5341       931.7423       2.291917    
        2015          16 rye                111.4482       439.8654       3.946815    
        2015          17 trit               215.2103       1069.923       4.971526    
        2015          18 csil               31.12765       215.9055       6.936131    
        2015          19 lmix              0.0000000E+00  0.0000000E+00  0.0000000E+00
        2016           1 frsd              0.0000000E+00  0.0000000E+00  0.0000000E+00
        2016           2 frse              0.0000000E+00  0.0000000E+00  0.0000000E+00
        2016           3 frst              0.0000000E+00  0.0000000E+00  0.0000000E+00
        2016           4 orcd               1.975940      0.6846479      0.3464921    
        2016           5 rnge               16.58698      0.0000000E+00  0.0000000E+00
        2016           6 wetl              0.0000000E+00  0.0000000E+00  0.0000000E+00
        2016           7 fesc               698.8048       385.0417      0.5510004    
        2016           8 lupn               172.3726       96.47585      0.5596936    
        2016           9 oats               95.95761       268.3509       2.796557    
        2016          10 barl               122.1565       600.5080       4.915890    
        2016          11 fpea               73.09444       407.2178       5.571118    
        2016          12 pota               108.4921       234.1126       2.157877    
        2016          13 buck               24.60551       42.55807       1.729615    
        2016          14 canp               405.8141       1660.377       4.091470    
        2016          15 wwht               186.2944       703.8971       3.778412    
        2016          16 rye                100.6520       423.8009       4.210556    
        2016          17 trit               87.42445       486.8561       5.568878    
        2016          18 csil               8.496810       77.79182       9.155415    
        2016          19 lmix              0.0000000E+00  0.0000000E+00  0.0000000E+00
        2017           1 frsd              0.0000000E+00  0.0000000E+00  0.0000000E+00
        2017           2 frse              0.0000000E+00  0.0000000E+00  0.0000000E+00
        2017           3 frst              0.0000000E+00  0.0000000E+00  0.0000000E+00
        2017           4 orcd               1.975940      0.6749339      0.3415760    
        2017           5 rnge               16.58698      0.0000000E+00  0.0000000E+00
        2017           6 wetl              0.0000000E+00  0.0000000E+00  0.0000000E+00
        2017           7 fesc               964.4235       642.2301      0.6659212    
        2017           8 lupn               197.4043       136.4178      0.6910579    
        2017           9 oats               157.4410       403.2250       2.561118    
        2017          10 barl               154.4239       156.4603       1.013187    
        2017          11 fpea               5.198920       22.75528       4.376925    
        2017          12 pota               260.0756       728.3455       2.800514    
        2017          13 buck               9.106939       15.49204       1.701125    
        2017          14 canp               298.7375       923.4847       3.091292    
        2017          15 wwht               67.65368       202.1699       2.988307    
        2017          16 rye                68.76181       270.7081       3.936897    
        2017          17 trit               30.39439       154.5573       5.085059    
        2017          18 csil               8.512751       64.40776       7.566033    
        2017          19 lmix              0.0000000E+00  0.0000000E+00  0.0000000E+00
        2018           1 frsd              0.0000000E+00  0.0000000E+00  0.0000000E+00
        2018           2 frse              0.0000000E+00  0.0000000E+00  0.0000000E+00
        2018           3 frst              0.0000000E+00  0.0000000E+00  0.0000000E+00
        2018           4 orcd               1.975940      0.6114814      0.3094634    
        2018           5 rnge               16.58698      0.0000000E+00  0.0000000E+00
        2018           6 wetl              0.0000000E+00  0.0000000E+00  0.0000000E+00
        2018           7 fesc               1064.598       672.3730      0.6315745    
        2018           8 lupn               107.4853       84.33673      0.7846352    
        2018           9 oats               141.1176       407.6728       2.888886    
        2018          10 barl               54.54786       231.3882       4.241930    
        2018          11 fpea               115.0552       251.9039       2.189418    
        2018          12 pota               132.7863       338.0349       2.545706    
        2018          13 buck               18.13002       27.71772       1.528830    
        2018          14 canp               73.50423       250.4101       3.406745    
        2018          15 wwht               421.5922       877.5848       2.081596    
        2018          16 rye                38.27672       143.0580       3.737467    
        2018          17 trit               87.85533       325.1023       3.700428    
        2018          18 csil               20.42340       197.4001       9.665388    
        2018          19 lmix              0.0000000E+00  0.0000000E+00  0.0000000E+00
        2019           1 frsd              0.0000000E+00  0.0000000E+00  0.0000000E+00
        2019           2 frse              0.0000000E+00  0.0000000E+00  0.0000000E+00
        2019           3 frst              0.0000000E+00  0.0000000E+00  0.0000000E+00
        2019           4 orcd               1.975940      0.6855131      0.3469299    
        2019           5 rnge               16.58698      0.0000000E+00  0.0000000E+00
        2019           6 wetl              0.0000000E+00  0.0000000E+00  0.0000000E+00
        2019           7 fesc               622.0725       115.2191      0.1852182    
        2019           8 lupn               61.88545       44.27258      0.7153956    
        2019           9 oats               261.0549       555.4747       2.127808    
        2019          10 barl               45.86216       226.7257       4.943634    
        2019          11 fpea               27.80220       144.5340       5.198653    
        2019          12 pota               271.1597       1488.566       5.489628    
        2019          13 buck               33.53731       49.33942       1.471180    
        2019          14 canp               324.5222       830.3859       2.558796    
        2019          15 wwht               44.79409       153.6557       3.430268    
        2019          16 rye                153.3569       610.8586       3.983247    
        2019          17 trit               197.7336       702.4718       3.552617    
        2019          18 csil               6.137110       58.94013       9.603888    
        2019          19 lmix              0.0000000E+00  0.0000000E+00  0.0000000E+00
        2020           1 frsd              0.0000000E+00  0.0000000E+00  0.0000000E+00
        2020           2 frse              0.0000000E+00  0.0000000E+00  0.0000000E+00
        2020           3 frst              0.0000000E+00  0.0000000E+00  0.0000000E+00
        2020           4 orcd               1.975940      0.7346847      0.3718151    
        2020           5 rnge               16.58698      0.0000000E+00  0.0000000E+00
        2020           6 wetl              0.0000000E+00  0.0000000E+00  0.0000000E+00
        2020           7 fesc               564.3675      0.0000000E+00  0.0000000E+00
        2020           8 lupn               166.7163       122.7076      0.7360263    
        2020           9 oats               74.50557       207.2366       2.781492    
        2020          10 barl               36.47241       149.0205       4.085842    
        2020          11 fpea               85.49305       423.7537       4.956586    
        2020          12 pota               256.7287       1491.082       5.808007    
        2020          13 buck               8.182180       11.76802       1.438249    
        2020          14 canp               59.04479       185.4309       3.140512    
        2020          15 wwht               406.5341       742.4241       1.826228    
        2020          16 rye                111.4482       445.0337       3.993189    
        2020          17 trit               215.2103       870.9840       4.047131    
        2020          18 csil               31.12765       231.3775       7.433181    
        2020          19 lmix              0.0000000E+00  0.0000000E+00  0.0000000E+00
        2021           1 frsd              0.0000000E+00  0.0000000E+00  0.0000000E+00
        2021           2 frse              0.0000000E+00  0.0000000E+00  0.0000000E+00
        2021           3 frst              0.0000000E+00  0.0000000E+00  0.0000000E+00
        2021           4 orcd               1.975940      0.7240796      0.3664480    
        2021           5 rnge               16.58698      0.0000000E+00  0.0000000E+00
        2021           6 wetl              0.0000000E+00  0.0000000E+00  0.0000000E+00
        2021           7 fesc               698.8047       344.0638      0.4923604    
        2021           8 lupn               172.3726       89.17957      0.5173650    
        2021           9 oats               95.95760       230.5065       2.402171    
        2021          10 barl               122.1565       500.9674       4.101028    
        2021          11 fpea               73.09444       358.1237       4.899467    
        2021          12 pota               108.4921       538.6059       4.964472    
        2021          13 buck               24.60551       41.57209       1.689544    
        2021          14 canp               405.8141       819.6740       2.019826    
        2021          15 wwht               186.2945       359.9456       1.932133    
        2021          16 rye                100.6520       452.2058       4.492765    
        2021          17 trit               87.42445       433.2593       4.955814    
        2021          18 csil               8.496810       66.62590       7.841283    
        2021          19 lmix              0.0000000E+00  0.0000000E+00  0.0000000E+00
