 Mini_CREATE               SWAT+ Jan 11 2024        MODULAR Rev 2024.61.0                                 
        jday        mon        day         yr            unit              gis_id     name                  npp_c         harv_c         drop_c      grazeat_c         emit_c
                                                                                                          kg C/ha        kg C/ha        kg C/ha        kg C/ha        kg C/ha
         365          12          31        2021           1                     0 hru001            0.0000000E+00  0.0000000E+00  1.9996472E+08  0.0000000E+00  0.0000000E+00
         365          12          31        2021           2                     0 hru002            0.0000000E+00  0.0000000E+00  2.0178072E+08  0.0000000E+00  0.0000000E+00
         365          12          31        2021           3                     0 hru003            0.0000000E+00  0.0000000E+00  5.0795974E+08  0.0000000E+00  0.0000000E+00
         365          12          31        2021           4                     0 hru004            0.0000000E+00  0.0000000E+00  5.2866477E+08  0.0000000E+00  0.0000000E+00
         365          12          31        2021           5                     0 hru005            0.0000000E+00  0.0000000E+00  5.2395741E+08  0.0000000E+00  0.0000000E+00
         365          12          31        2021           6                     0 hru006            0.0000000E+00  0.0000000E+00  5.2824570E+08  0.0000000E+00  0.0000000E+00
         365          12          31        2021           7                     0 hru007            0.0000000E+00  0.0000000E+00  5.2383075E+08  0.0000000E+00  0.0000000E+00
         365          12          31        2021           8                     0 hru008            0.0000000E+00  0.0000000E+00  5.2872150E+08  0.0000000E+00  0.0000000E+00
         365          12          31        2021           9                     0 hru009            0.0000000E+00  0.0000000E+00  4.8012272E+08  0.0000000E+00  0.0000000E+00
         365          12          31        2021          10                     0 hru010            0.0000000E+00  0.0000000E+00  5.3819072E+08  0.0000000E+00  0.0000000E+00
         365          12          31        2021          11                     0 hru011            0.0000000E+00  0.0000000E+00  5.1576070E+08  0.0000000E+00  0.0000000E+00
         365          12          31        2021          12                     0 hru012            0.0000000E+00  0.0000000E+00  5.1561478E+08  0.0000000E+00  0.0000000E+00
         365          12          31        2021          13                     0 hru013            0.0000000E+00  0.0000000E+00  5.1581738E+08  0.0000000E+00  0.0000000E+00
         365          12          31        2021          14                     0 hru014            0.0000000E+00  0.0000000E+00  5.1579085E+08  0.0000000E+00  0.0000000E+00
         365          12          31        2021          15                     0 hru015            0.0000000E+00  0.0000000E+00  5.1591923E+08  0.0000000E+00  0.0000000E+00
         365          12          31        2021          16                     0 hru016            0.0000000E+00  0.0000000E+00  5.0306934E+08  0.0000000E+00  0.0000000E+00
         365          12          31        2021          17                     0 hru017            0.0000000E+00  0.0000000E+00  5.1680224E+08  0.0000000E+00  0.0000000E+00
         365          12          31        2021          18                     0 hru018            0.0000000E+00  0.0000000E+00  4.9235677E+08  0.0000000E+00  0.0000000E+00
         365          12          31        2021          19                     0 hru019            0.0000000E+00  0.0000000E+00  5.1320826E+08  0.0000000E+00  0.0000000E+00
         365          12          31        2021          20                     0 hru020            0.0000000E+00  0.0000000E+00  4.9827718E+08  0.0000000E+00  0.0000000E+00
         365          12          31        2021          21                     0 hru021            0.0000000E+00  0.0000000E+00  5.0810141E+08  0.0000000E+00  0.0000000E+00
         365          12          31        2021          22                     0 hru022            0.0000000E+00  0.0000000E+00  5.0810432E+08  0.0000000E+00  0.0000000E+00
         365          12          31        2021          23                     0 hru023            0.0000000E+00  0.0000000E+00  6.2030112E+08  0.0000000E+00  0.0000000E+00
         365          12          31        2021          24                     0 hru024            0.0000000E+00  0.0000000E+00  6.2026630E+08  0.0000000E+00  0.0000000E+00
         365          12          31        2021          25                     0 hru025            0.0000000E+00  0.0000000E+00  5.0808186E+08  0.0000000E+00  0.0000000E+00
         365          12          31        2021          26                     0 hru026            0.0000000E+00  0.0000000E+00  5.0808669E+08  0.0000000E+00  0.0000000E+00
         365          12          31        2021          27                     0 hru027            0.0000000E+00  0.0000000E+00  4.9962115E+08  0.0000000E+00  0.0000000E+00
         365          12          31        2021          28                     0 hru028            0.0000000E+00  0.0000000E+00  5.0807514E+08  0.0000000E+00  0.0000000E+00
         365          12          31        2021          29                     0 hru029            0.0000000E+00  0.0000000E+00  5.0595315E+08  0.0000000E+00  0.0000000E+00
         365          12          31        2021          30                     0 hru030            0.0000000E+00  0.0000000E+00  4.8851843E+08  0.0000000E+00  0.0000000E+00
         365          12          31        2021          31                     0 hru031            0.0000000E+00  0.0000000E+00  4.9458557E+08  0.0000000E+00  0.0000000E+00
         365          12          31        2021          32                     0 hru032            0.0000000E+00  0.0000000E+00  1.3654983E+07  0.0000000E+00  0.0000000E+00
         365          12          31        2021          33                     0 hru033            0.0000000E+00  0.0000000E+00  2.6575482E+07  0.0000000E+00  0.0000000E+00
         365          12          31        2021          34                     0 hru034            0.0000000E+00  0.0000000E+00  2.2091430E+08  0.0000000E+00  0.0000000E+00
         365          12          31        2021          35                     0 hru035            0.0000000E+00  0.0000000E+00  2.1721925E+08  0.0000000E+00  0.0000000E+00
         365          12          31        2021          36                     0 hru036            0.0000000E+00  0.0000000E+00  2.1721413E+08  0.0000000E+00  0.0000000E+00
         365          12          31        2021          37                     0 hru037            0.0000000E+00  0.0000000E+00  2.2305203E+08  0.0000000E+00  0.0000000E+00
         365          12          31        2021          38                     0 hru038            0.0000000E+00  0.0000000E+00  2.1721795E+08  0.0000000E+00  0.0000000E+00
         365          12          31        2021          39                     0 hru039            0.0000000E+00  0.0000000E+00  2.1722011E+08  0.0000000E+00  0.0000000E+00
         365          12          31        2021          40                     0 hru040            0.0000000E+00  0.0000000E+00  1.0486060E+08  0.0000000E+00  0.0000000E+00
         365          12          31        2021          41                     0 hru041            0.0000000E+00  0.0000000E+00  2.1976533E+08  0.0000000E+00  0.0000000E+00
         365          12          31        2021          42                     0 hru042            0.0000000E+00  0.0000000E+00  2.2145203E+08  0.0000000E+00  0.0000000E+00
         365          12          31        2021          43                     0 hru043            0.0000000E+00  0.0000000E+00  3.7620390E+08  0.0000000E+00  0.0000000E+00
         365          12          31        2021          44                     0 hru044            0.0000000E+00  0.0000000E+00  7.2685901E+08  0.0000000E+00  0.0000000E+00
         365          12          31        2021          45                     0 hru045            0.0000000E+00  0.0000000E+00  3.7638170E+08  0.0000000E+00  0.0000000E+00
         365          12          31        2021          46                     0 hru046            0.0000000E+00  0.0000000E+00  3.7666902E+08  0.0000000E+00  0.0000000E+00
         365          12          31        2021          47                     0 hru047            0.0000000E+00  0.0000000E+00  3.8209098E+08  0.0000000E+00  0.0000000E+00
         365          12          31        2021          48                     0 hru048            0.0000000E+00  0.0000000E+00  3.8194966E+08  0.0000000E+00  0.0000000E+00
         365          12          31        2021          49                     0 hru049            0.0000000E+00  0.0000000E+00  3.9012918E+08  0.0000000E+00  0.0000000E+00
         365          12          31        2021          50                     0 hru050            0.0000000E+00  0.0000000E+00  3.9107184E+08  0.0000000E+00  0.0000000E+00
         365          12          31        2021          51                     0 hru051            0.0000000E+00  0.0000000E+00  3.9101782E+08  0.0000000E+00  0.0000000E+00
         365          12          31        2021          52                     0 hru052            0.0000000E+00  0.0000000E+00  3.9318320E+08  0.0000000E+00  0.0000000E+00
         365          12          31        2021          53                     0 hru053            0.0000000E+00  0.0000000E+00  5.8650189E+08  0.0000000E+00  0.0000000E+00
         365          12          31        2021          54                     0 hru054            0.0000000E+00  0.0000000E+00  3.9107680E+08  0.0000000E+00  0.0000000E+00
         365          12          31        2021          55                     0 hru055            0.0000000E+00  0.0000000E+00   5045170.      0.0000000E+00  0.0000000E+00
         365          12          31        2021          56                     0 hru056            0.0000000E+00  0.0000000E+00   5534162.      0.0000000E+00  0.0000000E+00
         365          12          31        2021          57                     0 hru057            0.0000000E+00  0.0000000E+00   3397014.      0.0000000E+00  0.0000000E+00
         365          12          31        2021          58                     0 hru058            0.0000000E+00  0.0000000E+00   4094760.      0.0000000E+00  0.0000000E+00
         365          12          31        2021          59                     0 hru059            0.0000000E+00  0.0000000E+00   2785717.      0.0000000E+00  0.0000000E+00
         365          12          31        2021          60                     0 hru060            0.0000000E+00  0.0000000E+00   6050384.      0.0000000E+00  0.0000000E+00
         365          12          31        2021          61                     0 hru061            0.0000000E+00  0.0000000E+00   6015751.      0.0000000E+00  0.0000000E+00
         365          12          31        2021          62                     0 hru062            0.0000000E+00  0.0000000E+00   4967081.      0.0000000E+00  0.0000000E+00
         365          12          31        2021          63                     0 hru063            0.0000000E+00  0.0000000E+00   6091428.      0.0000000E+00  0.0000000E+00
         365          12          31        2021          64                     0 hru064            0.0000000E+00  0.0000000E+00   6093222.      0.0000000E+00  0.0000000E+00
         365          12          31        2021          65                     0 hru065            0.0000000E+00  0.0000000E+00   5962630.      0.0000000E+00  0.0000000E+00
         365          12          31        2021          66                     0 hru066            0.0000000E+00  0.0000000E+00   6389429.      0.0000000E+00  0.0000000E+00
         365          12          31        2021          67                     0 hru067            0.0000000E+00  0.0000000E+00   6193198.      0.0000000E+00  0.0000000E+00
         365          12          31        2021          68                     0 hru068            0.0000000E+00  0.0000000E+00   6013280.      0.0000000E+00  0.0000000E+00
         365          12          31        2021          69                     0 hru069            0.0000000E+00  0.0000000E+00   5591930.      0.0000000E+00  0.0000000E+00
         365          12          31        2021          70                     0 hru070            0.0000000E+00  0.0000000E+00   5933012.      0.0000000E+00  0.0000000E+00
         365          12          31        2021          71                     0 hru071            0.0000000E+00  0.0000000E+00   6576901.      0.0000000E+00  0.0000000E+00
         365          12          31        2021          72                     0 hru072            0.0000000E+00  0.0000000E+00   5798453.      0.0000000E+00  0.0000000E+00
         365          12          31        2021          73                     0 hru073            0.0000000E+00  0.0000000E+00   1553193.      0.0000000E+00  0.0000000E+00
         365          12          31        2021          74                     0 hru074            0.0000000E+00  0.0000000E+00   2819514.      0.0000000E+00  0.0000000E+00
         365          12          31        2021          75                     0 hru075            0.0000000E+00  0.0000000E+00   2701798.      0.0000000E+00  0.0000000E+00
         365          12          31        2021          76                     0 hru076            0.0000000E+00  0.0000000E+00   6128698.      0.0000000E+00  0.0000000E+00
         365          12          31        2021          77                     0 hru077            0.0000000E+00  0.0000000E+00   5911800.      0.0000000E+00  0.0000000E+00
         365          12          31        2021          78                     0 hru078            0.0000000E+00  0.0000000E+00   6040748.      0.0000000E+00  0.0000000E+00
         365          12          31        2021          79                     0 hru079            0.0000000E+00  0.0000000E+00   5801491.      0.0000000E+00  0.0000000E+00
         365          12          31        2021          80                     0 hru080            0.0000000E+00  0.0000000E+00   6322536.      0.0000000E+00  0.0000000E+00
         365          12          31        2021          81                     0 hru081            0.0000000E+00  0.0000000E+00   5669554.      0.0000000E+00  0.0000000E+00
         365          12          31        2021          82                     0 hru082            0.0000000E+00  0.0000000E+00   5995311.      0.0000000E+00  0.0000000E+00
         365          12          31        2021          83                     0 hru083            0.0000000E+00  0.0000000E+00   6908041.      0.0000000E+00  0.0000000E+00
         365          12          31        2021          84                     0 hru084            0.0000000E+00  0.0000000E+00   5860070.      0.0000000E+00  0.0000000E+00
         365          12          31        2021          85                     0 hru085            0.0000000E+00  0.0000000E+00   6473394.      0.0000000E+00  0.0000000E+00
         365          12          31        2021          86                     0 hru086            0.0000000E+00  0.0000000E+00   2463291.      0.0000000E+00  0.0000000E+00
         365          12          31        2021          87                     0 hru087            0.0000000E+00  0.0000000E+00   5876919.      0.0000000E+00  0.0000000E+00
         365          12          31        2021          88                     0 hru088            0.0000000E+00  0.0000000E+00   5886678.      0.0000000E+00  0.0000000E+00
         365          12          31        2021          89                     0 hru089            0.0000000E+00  0.0000000E+00   5897774.      0.0000000E+00  0.0000000E+00
         365          12          31        2021          90                     0 hru090            0.0000000E+00  0.0000000E+00   6356328.      0.0000000E+00  0.0000000E+00
         365          12          31        2021          91                     0 hru091            0.0000000E+00  0.0000000E+00   6032168.      0.0000000E+00  0.0000000E+00
         365          12          31        2021          92                     0 hru092            0.0000000E+00  0.0000000E+00   6003052.      0.0000000E+00  0.0000000E+00
         365          12          31        2021          93                     0 hru093            0.0000000E+00  0.0000000E+00   6358836.      0.0000000E+00  0.0000000E+00
         365          12          31        2021          94                     0 hru094            0.0000000E+00  0.0000000E+00   5989658.      0.0000000E+00  0.0000000E+00
         365          12          31        2021          95                     0 hru095            0.0000000E+00  0.0000000E+00   4822512.      0.0000000E+00  0.0000000E+00
         365          12          31        2021          96                     0 hru096            0.0000000E+00  0.0000000E+00   5700524.      0.0000000E+00  0.0000000E+00
         365          12          31        2021          97                     0 hru097            0.0000000E+00  0.0000000E+00   6646384.      0.0000000E+00  0.0000000E+00
         365          12          31        2021          98                     0 hru098            0.0000000E+00  0.0000000E+00   5626426.      0.0000000E+00  0.0000000E+00
         365          12          31        2021          99                     0 hru099            0.0000000E+00  0.0000000E+00   5810374.      0.0000000E+00  0.0000000E+00
         365          12          31        2021         100                     0 hru100            0.0000000E+00  0.0000000E+00   6020044.      0.0000000E+00  0.0000000E+00
         365          12          31        2021         101                     0 hru101            0.0000000E+00  0.0000000E+00   5579132.      0.0000000E+00  0.0000000E+00
         365          12          31        2021         102                     0 hru102            0.0000000E+00   534661.6       1541239.      0.0000000E+00  0.0000000E+00
         365          12          31        2021         103                     0 hru103            0.0000000E+00   546531.4       1561294.      0.0000000E+00  0.0000000E+00
         365          12          31        2021         104                     0 hru104            0.0000000E+00   765912.6       2200424.      0.0000000E+00  0.0000000E+00
         365          12          31        2021         105                     0 hru105            0.0000000E+00   816644.2       3994874.      0.0000000E+00  0.0000000E+00
         365          12          31        2021         106                     0 hru106            0.0000000E+00   533114.4       979533.7      0.0000000E+00  0.0000000E+00
         365          12          31        2021         107                     0 hru107            0.0000000E+00   162304.4       264701.1      0.0000000E+00  0.0000000E+00
         365          12          31        2021         108                     0 hru108            0.0000000E+00   649229.3       1691502.      0.0000000E+00  0.0000000E+00
         365          12          31        2021         109                     0 hru109            0.0000000E+00   1252276.       2550871.      0.0000000E+00  0.0000000E+00
         365          12          31        2021         110                     0 hru110            0.0000000E+00   1423275.       2734322.      0.0000000E+00  0.0000000E+00
         365          12          31        2021         111                     0 hru111            0.0000000E+00   1450188.       3029073.      0.0000000E+00  0.0000000E+00
         365          12          31        2021         112                     0 hru112            0.0000000E+00   127559.0       180848.9      0.0000000E+00  0.0000000E+00
         365          12          31        2021         113                     0 hru113            0.0000000E+00   2031026.       2934830.      0.0000000E+00  0.0000000E+00
         365          12          31        2021         114                     0 hru114            0.0000000E+00   734078.3       3872322.      0.0000000E+00  0.0000000E+00
         365          12          31        2021         115                     0 hru115            0.0000000E+00   1861156.       3442984.      0.0000000E+00  0.0000000E+00
         365          12          31        2021         116                     0 hru116            0.0000000E+00   1799900.       3387613.      0.0000000E+00  0.0000000E+00
         365          12          31        2021         117                     0 hru117            0.0000000E+00   1813144.       3657498.      0.0000000E+00  0.0000000E+00
         365          12          31        2021         118                     0 hru118            0.0000000E+00   1789329.       3661132.      0.0000000E+00  0.0000000E+00
         365          12          31        2021         119                     0 hru119            0.0000000E+00   1641611.       1980352.      0.0000000E+00  0.0000000E+00
         365          12          31        2021         120                     0 hru120            0.0000000E+00   1804052.       3345777.      0.0000000E+00  0.0000000E+00
         365          12          31        2021         121                     0 hru121            0.0000000E+00   914605.7       1569197.      0.0000000E+00  0.0000000E+00
         365          12          31        2021         122                     0 hru122            0.0000000E+00   1604005.       2728951.      0.0000000E+00  0.0000000E+00
         365          12          31        2021         123                     0 hru123            0.0000000E+00   1436319.       2908321.      0.0000000E+00  0.0000000E+00
         365          12          31        2021         124                     0 hru124            0.0000000E+00   2333766.       3132974.      0.0000000E+00  0.0000000E+00
         365          12          31        2021         125                     0 hru125            0.0000000E+00   1148955.       1977558.      0.0000000E+00  0.0000000E+00
         365          12          31        2021         126                     0 hru126            0.0000000E+00   1631803.       3377045.      0.0000000E+00  0.0000000E+00
         365          12          31        2021         127                     0 hru127            0.0000000E+00   706752.7       1262218.      0.0000000E+00  0.0000000E+00
         365          12          31        2021         128                     0 hru128            0.0000000E+00   2202511.       4887168.      0.0000000E+00  0.0000000E+00
         365          12          31        2021         129                     0 hru129            0.0000000E+00   251262.6       567594.6      0.0000000E+00  0.0000000E+00
         365          12          31        2021         130                     0 hru130            0.0000000E+00   2263208.       4977001.      0.0000000E+00  0.0000000E+00
         365          12          31        2021         131                     0 hru131            0.0000000E+00   1963945.       4267052.      0.0000000E+00  0.0000000E+00
         365          12          31        2021         132                     0 hru132            0.0000000E+00   241813.5       369033.8      0.0000000E+00  0.0000000E+00
         365          12          31        2021         133                     0 hru133            0.0000000E+00   372079.0       913319.3      0.0000000E+00  0.0000000E+00
         365          12          31        2021         134                     0 hru134            0.0000000E+00   968837.9       1731200.      0.0000000E+00  0.0000000E+00
         365          12          31        2021         135                     0 hru135            0.0000000E+00   315522.4       5954600.      0.0000000E+00  0.0000000E+00
         365          12          31        2021         136                     0 hru136            0.0000000E+00  0.0000000E+00   4042032.      0.0000000E+00  0.0000000E+00
         365          12          31        2021         137                     0 hru137            0.0000000E+00   119339.3       2473150.      0.0000000E+00  0.0000000E+00
         365          12          31        2021         138                     0 hru138            0.0000000E+00   142278.1       1448196.      0.0000000E+00  0.0000000E+00
         365          12          31        2021         139                     0 hru139            0.0000000E+00  0.0000000E+00   2256465.      0.0000000E+00  0.0000000E+00
         365          12          31        2021         140                     0 hru140            0.0000000E+00  0.0000000E+00   2520161.      0.0000000E+00  0.0000000E+00
         365          12          31        2021         141                     0 hru141            0.0000000E+00   1065274.       2704091.      0.0000000E+00  0.0000000E+00
         365          12          31        2021         142                     0 hru142            0.0000000E+00   1994010.       3508884.      0.0000000E+00  0.0000000E+00
         365          12          31        2021         143                     0 hru143            0.0000000E+00   1029209.       2885085.      0.0000000E+00  0.0000000E+00
         365          12          31        2021         144                     0 hru144            0.0000000E+00   1060544.       2638022.      0.0000000E+00  0.0000000E+00
         365          12          31        2021         145                     0 hru145            0.0000000E+00   1424865.       2941630.      0.0000000E+00  0.0000000E+00
         365          12          31        2021         146                     0 hru146            0.0000000E+00   1662475.       3159264.      0.0000000E+00  0.0000000E+00
         365          12          31        2021         147                     0 hru147            0.0000000E+00   1667057.       3907875.      0.0000000E+00  0.0000000E+00
         365          12          31        2021         148                     0 hru148            0.0000000E+00   1036981.       1219942.      0.0000000E+00  0.0000000E+00
         365          12          31        2021         149                     0 hru149            0.0000000E+00   937689.4       1842114.      0.0000000E+00  0.0000000E+00
         365          12          31        2021         150                     0 hru150            0.0000000E+00   1814495.       5852633.      0.0000000E+00  0.0000000E+00
         365          12          31        2021         151                     0 hru151            0.0000000E+00   947684.5       4068003.      0.0000000E+00  0.0000000E+00
         365          12          31        2021         152                     0 hru152            0.0000000E+00   1737384.       2590316.      0.0000000E+00  0.0000000E+00
         365          12          31        2021         153                     0 hru153            0.0000000E+00   188767.1       297066.6      0.0000000E+00  0.0000000E+00
         365          12          31        2021         154                     0 hru154            0.0000000E+00   180116.2       294623.6      0.0000000E+00  0.0000000E+00
         365          12          31        2021         155                     0 hru155            0.0000000E+00   751714.9       988071.8      0.0000000E+00  0.0000000E+00
         365          12          31        2021         156                     0 hru156            0.0000000E+00   2867457.       4031017.      0.0000000E+00  0.0000000E+00
         365          12          31        2021         157                     0 hru157            0.0000000E+00   1198684.       2969709.      0.0000000E+00  0.0000000E+00
         365          12          31        2021         158                     0 hru158            0.0000000E+00   1741956.       3343483.      0.0000000E+00  0.0000000E+00
         365          12          31        2021         159                     0 hru159            0.0000000E+00   1128770.       2375680.      0.0000000E+00  0.0000000E+00
         365          12          31        2021         160                     0 hru160            0.0000000E+00   507017.2       4306140.      0.0000000E+00  0.0000000E+00
         365          12          31        2021         161                     0 hru161            0.0000000E+00   812749.3       6576982.      0.0000000E+00  0.0000000E+00
         365          12          31        2021         162                     0 hru162            0.0000000E+00   1051104.       3549451.      0.0000000E+00  0.0000000E+00
         365          12          31        2021         163                     0 hru163            0.0000000E+00  0.0000000E+00   6578111.      0.0000000E+00  0.0000000E+00
         365          12          31        2021         164                     0 hru164            0.0000000E+00  0.0000000E+00   6396033.      0.0000000E+00  0.0000000E+00
         365          12          31        2021         165                     0 hru165            0.0000000E+00  0.0000000E+00   5680755.      0.0000000E+00  0.0000000E+00
         365          12          31        2021         166                     0 hru166            0.0000000E+00  0.0000000E+00   5962084.      0.0000000E+00  0.0000000E+00
         365          12          31        2021         167                     0 hru167            0.0000000E+00  0.0000000E+00   6488484.      0.0000000E+00  0.0000000E+00
         365          12          31        2021         168                     0 hru168            0.0000000E+00  0.0000000E+00   6102430.      0.0000000E+00  0.0000000E+00
         365          12          31        2021         169                     0 hru169            0.0000000E+00  0.0000000E+00   5958872.      0.0000000E+00  0.0000000E+00
         365          12          31        2021         170                     0 hru170            0.0000000E+00  0.0000000E+00   5798330.      0.0000000E+00  0.0000000E+00
         365          12          31        2021         171                     0 hru171            0.0000000E+00   306222.9       8447868.      0.0000000E+00  0.0000000E+00
         365          12          31        2021         172                     0 hru172            0.0000000E+00   536533.4       8288380.      0.0000000E+00  0.0000000E+00
         365          12          31        2021         173                     0 hru173            0.0000000E+00   346005.6       2304490.      0.0000000E+00  0.0000000E+00
         365          12          31        2021         174                     0 hru174            0.0000000E+00   746429.5      1.7785018E+07  0.0000000E+00  0.0000000E+00
         365          12          31        2021         175                     0 hru175            0.0000000E+00   2002576.       4733524.      0.0000000E+00  0.0000000E+00
         365          12          31        2021         176                     0 hru176            0.0000000E+00   1515530.       4819016.      0.0000000E+00  0.0000000E+00
         365          12          31        2021         177                     0 hru177            0.0000000E+00  0.0000000E+00   5975987.      0.0000000E+00  0.0000000E+00
         365          12          31        2021         178                     0 hru178            0.0000000E+00  0.0000000E+00   6404027.      0.0000000E+00  0.0000000E+00
         365          12          31        2021         179                     0 hru179            0.0000000E+00  0.0000000E+00   6183834.      0.0000000E+00  0.0000000E+00
         365          12          31        2021         180                     0 hru180            0.0000000E+00   1659431.       3542565.      0.0000000E+00  0.0000000E+00
         365          12          31        2021         181                     0 hru181            0.0000000E+00   2285451.       2865383.      0.0000000E+00  0.0000000E+00
         365          12          31        2021         182                     0 hru182            0.0000000E+00   2291020.       2935830.      0.0000000E+00  0.0000000E+00
         365          12          31        2021         183                     0 hru183            0.0000000E+00   3101736.       3893990.      0.0000000E+00  0.0000000E+00
         365          12          31        2021         184                     0 hru184            0.0000000E+00   2157868.       2564968.      0.0000000E+00  0.0000000E+00
         365          12          31        2021         185                     0 hru185            0.0000000E+00   3103846.       3453082.      0.0000000E+00  0.0000000E+00
         365          12          31        2021         186                     0 hru186            0.0000000E+00   517326.6       1609900.      0.0000000E+00  0.0000000E+00
         365          12          31        2021         187                     0 hru187            0.0000000E+00   160633.3       476791.0      0.0000000E+00  0.0000000E+00
         365          12          31        2021         188                     0 hru188            0.0000000E+00   1054621.       2315755.      0.0000000E+00  0.0000000E+00
         365          12          31        2021         189                     0 hru189            0.0000000E+00   932122.1       2344156.      0.0000000E+00  0.0000000E+00
         365          12          31        2021         190                     0 hru190            0.0000000E+00   1109939.       5191226.      0.0000000E+00  0.0000000E+00
         365          12          31        2021         191                     0 hru191            0.0000000E+00   546288.4       1085178.      0.0000000E+00  0.0000000E+00
         365          12          31        2021         192                     0 hru192            0.0000000E+00   839004.4       1722039.      0.0000000E+00  0.0000000E+00
         365          12          31        2021         193                     0 hru193            0.0000000E+00   1055234.       7134546.      0.0000000E+00  0.0000000E+00
         365          12          31        2021         194                     0 hru194            0.0000000E+00   1405235.       4232770.      0.0000000E+00  0.0000000E+00
         365          12          31        2021         195                     0 hru195            0.0000000E+00   217222.7       608672.3      0.0000000E+00  0.0000000E+00
         365          12          31        2021         196                     0 hru196            0.0000000E+00   1345823.       3468618.      0.0000000E+00  0.0000000E+00
         365          12          31        2021         197                     0 hru197            0.0000000E+00   2012186.       6209570.      0.0000000E+00  0.0000000E+00
         365          12          31        2021         198                     0 hru198            0.0000000E+00   2177280.       5736448.      0.0000000E+00  0.0000000E+00
         365          12          31        2021         199                     0 hru199            0.0000000E+00   199985.9       594519.2      0.0000000E+00  0.0000000E+00
         365          12          31        2021         200                     0 hru200            0.0000000E+00   211932.8       611380.6      0.0000000E+00  0.0000000E+00
         365          12          31        2021         201                     0 hru201            0.0000000E+00   1885171.       3433746.      0.0000000E+00  0.0000000E+00
         365          12          31        2021         202                     0 hru202            0.0000000E+00   2038451.       4258228.      0.0000000E+00  0.0000000E+00
         365          12          31        2021         203                     0 hru203            0.0000000E+00   2609244.       4670378.      0.0000000E+00  0.0000000E+00
         365          12          31        2021         204                     0 hru204            0.0000000E+00   1245936.       2862158.      0.0000000E+00  0.0000000E+00
         365          12          31        2021         205                     0 hru205            0.0000000E+00   1087907.       3896025.      0.0000000E+00  0.0000000E+00
         365          12          31        2021         206                     0 hru206            0.0000000E+00   1115563.       3715892.      0.0000000E+00  0.0000000E+00
         365          12          31        2021         207                     0 hru207            0.0000000E+00   1632083.       3240549.      0.0000000E+00  0.0000000E+00
         365          12          31        2021         208                     0 hru208            0.0000000E+00   1541366.       3065232.      0.0000000E+00  0.0000000E+00
         365          12          31        2021         209                     0 hru209            0.0000000E+00   1418068.       2656634.      0.0000000E+00  0.0000000E+00
         365          12          31        2021         210                     0 hru210            0.0000000E+00   1944505.       3365918.      0.0000000E+00  0.0000000E+00
         365          12          31        2021         211                     0 hru211            0.0000000E+00   2126247.       4076831.      0.0000000E+00  0.0000000E+00
         365          12          31        2021         212                     0 hru212            0.0000000E+00   1946496.       5457074.      0.0000000E+00  0.0000000E+00
         365          12          31        2021         213                     0 hru213            0.0000000E+00   367144.3       630127.1      0.0000000E+00  0.0000000E+00
         365          12          31        2021         214                     0 hru214            0.0000000E+00   2067802.       3681939.      0.0000000E+00  0.0000000E+00
         365          12          31        2021         215                     0 hru215            0.0000000E+00   2044857.       3677622.      0.0000000E+00  0.0000000E+00
         365          12          31        2021         216                     0 hru216            0.0000000E+00   2088118.       4617286.      0.0000000E+00  0.0000000E+00
         365          12          31        2021         217                     0 hru217            0.0000000E+00   2276636.       4116045.      0.0000000E+00  0.0000000E+00
         365          12          31        2021         218                     0 hru218            0.0000000E+00   2903072.       4255832.      0.0000000E+00  0.0000000E+00
         365          12          31        2021         219                     0 hru219            0.0000000E+00   2215281.       3681106.      0.0000000E+00  0.0000000E+00
         365          12          31        2021         220                     0 hru220            0.0000000E+00   336908.1       679574.6      0.0000000E+00  0.0000000E+00
         365          12          31        2021         221                     0 hru221            0.0000000E+00   2536332.      1.8420236E+07  0.0000000E+00  0.0000000E+00
         365          12          31        2021         222                     0 hru222            0.0000000E+00   3252384.       3804332.      0.0000000E+00  0.0000000E+00
         365          12          31        2021         223                     0 hru223            0.0000000E+00   1218502.       2915064.      0.0000000E+00  0.0000000E+00
         365          12          31        2021         224                     0 hru224            0.0000000E+00   2410088.       3839555.      0.0000000E+00  0.0000000E+00
         365          12          31        2021         225                     0 hru225            0.0000000E+00   2485545.       4663084.      0.0000000E+00  0.0000000E+00
         365          12          31        2021         226                     0 hru226            0.0000000E+00   1827294.       3360213.      0.0000000E+00  0.0000000E+00
         365          12          31        2021         227                     0 hru227            0.0000000E+00   2260445.       4158035.      0.0000000E+00  0.0000000E+00
         365          12          31        2021         228                     0 hru228            0.0000000E+00   2420256.       3301270.      0.0000000E+00  0.0000000E+00
         365          12          31        2021         229                     0 hru229            0.0000000E+00   2473801.       3688650.      0.0000000E+00  0.0000000E+00
         365          12          31        2021         230                     0 hru230            0.0000000E+00   3256327.       4749988.      0.0000000E+00  0.0000000E+00
         365          12          31        2021         231                     0 hru231            0.0000000E+00   1601887.       3110462.      0.0000000E+00  0.0000000E+00
         365          12          31        2021         232                     0 hru232            0.0000000E+00   2600472.       4132500.      0.0000000E+00  0.0000000E+00
         365          12          31        2021         233                     0 hru233            0.0000000E+00   2593637.       4220426.      0.0000000E+00  0.0000000E+00
         365          12          31        2021         234                     0 hru234            0.0000000E+00   1269900.       2301293.      0.0000000E+00  0.0000000E+00
         365          12          31        2021         235                     0 hru235            0.0000000E+00   1125588.       2770025.      0.0000000E+00  0.0000000E+00
         365          12          31        2021         236                     0 hru236            0.0000000E+00   1645924.       2857603.      0.0000000E+00  0.0000000E+00
         365          12          31        2021         237                     0 hru237            0.0000000E+00   1993355.       3384527.      0.0000000E+00  0.0000000E+00
         365          12          31        2021         238                     0 hru238            0.0000000E+00   1615994.       3224536.      0.0000000E+00  0.0000000E+00
         365          12          31        2021         239                     0 hru239            0.0000000E+00  0.0000000E+00  5.0606272E+08  0.0000000E+00  0.0000000E+00
         365          12          31        2021         240                     0 hru240            0.0000000E+00  0.0000000E+00  5.1169776E+08  0.0000000E+00  0.0000000E+00
         365          12          31        2021         241                     0 hru241            0.0000000E+00  0.0000000E+00  5.0790870E+08  0.0000000E+00  0.0000000E+00
         365          12          31        2021         242                     0 hru242            0.0000000E+00  0.0000000E+00  5.1114138E+08  0.0000000E+00  0.0000000E+00
         365          12          31        2021         243                     0 hru243            0.0000000E+00  0.0000000E+00  5.0775437E+08  0.0000000E+00  0.0000000E+00
         365          12          31        2021         244                     0 hru244            0.0000000E+00  0.0000000E+00  5.1571120E+08  0.0000000E+00  0.0000000E+00
         365          12          31        2021         245                     0 hru245            0.0000000E+00  0.0000000E+00  5.1588614E+08  0.0000000E+00  0.0000000E+00
         365          12          31        2021         246                     0 hru246            0.0000000E+00  0.0000000E+00  2.1162992E+08  0.0000000E+00  0.0000000E+00
         365          12          31        2021         247                     0 hru247            0.0000000E+00   968952.4       1672101.      0.0000000E+00  0.0000000E+00
         365          12          31        2021         248                     0 hru248            0.0000000E+00   170592.3       322995.3      0.0000000E+00  0.0000000E+00
         365          12          31        2021         249                     0 hru249            0.0000000E+00   173803.9       332831.9      0.0000000E+00  0.0000000E+00
         365          12          31        2021         250                     0 hru250            0.0000000E+00   694116.2       2337247.      0.0000000E+00  0.0000000E+00
         365          12          31        2021         251                     0 hru251            0.0000000E+00  0.0000000E+00  5.1307027E+08  0.0000000E+00  0.0000000E+00
         365          12          31        2021         252                     0 hru252            0.0000000E+00  0.0000000E+00  3.8661814E+08  0.0000000E+00  0.0000000E+00
         365          12          31        2021         253                     0 hru253            0.0000000E+00  0.0000000E+00  5.1505523E+08  0.0000000E+00  0.0000000E+00
         365          12          31        2021         254                     0 hru254            0.0000000E+00  0.0000000E+00  5.2191062E+08  0.0000000E+00  0.0000000E+00
         365          12          31        2021         255                     0 hru255            0.0000000E+00  0.0000000E+00  5.1574240E+08  0.0000000E+00  0.0000000E+00
         365          12          31        2021         256                     0 hru256            0.0000000E+00  0.0000000E+00  3.0040170E+08  0.0000000E+00  0.0000000E+00
         365          12          31        2021         257                     0 hru257            0.0000000E+00  0.0000000E+00  5.1581635E+08  0.0000000E+00  0.0000000E+00
         365          12          31        2021         258                     0 hru258            0.0000000E+00  0.0000000E+00  5.1508954E+08  0.0000000E+00  0.0000000E+00
         365          12          31        2021         259                     0 hru259            0.0000000E+00  0.0000000E+00  2.9990003E+08  0.0000000E+00  0.0000000E+00
         365          12          31        2021         260                     0 hru260            0.0000000E+00  0.0000000E+00  2.7315946E+08  0.0000000E+00  0.0000000E+00
         365          12          31        2021         261                     0 hru261            0.0000000E+00  0.0000000E+00  3.0236672E+08  0.0000000E+00  0.0000000E+00
         365          12          31        2021         262                     0 hru262            0.0000000E+00  0.0000000E+00  5.2392435E+08  0.0000000E+00  0.0000000E+00
         365          12          31        2021         263                     0 hru263            0.0000000E+00  0.0000000E+00  2.7047190E+08  0.0000000E+00  0.0000000E+00
         365          12          31        2021         264                     0 hru264            0.0000000E+00  0.0000000E+00  5.1927248E+08  0.0000000E+00  0.0000000E+00
         365          12          31        2021         265                     0 hru265            0.0000000E+00  0.0000000E+00  5.1806912E+08  0.0000000E+00  0.0000000E+00
         365          12          31        2021         266                     0 hru266            0.0000000E+00  0.0000000E+00  5.1593690E+08  0.0000000E+00  0.0000000E+00
         365          12          31        2021         267                     0 hru267            0.0000000E+00  0.0000000E+00  5.1576973E+08  0.0000000E+00  0.0000000E+00
         365          12          31        2021         268                     0 hru268            0.0000000E+00  0.0000000E+00  4.8962323E+08  0.0000000E+00  0.0000000E+00
         365          12          31        2021         269                     0 hru269            0.0000000E+00  0.0000000E+00  4.9160224E+08  0.0000000E+00  0.0000000E+00
         365          12          31        2021         270                     0 hru270            0.0000000E+00  0.0000000E+00  5.1585146E+08  0.0000000E+00  0.0000000E+00
         365          12          31        2021         271                     0 hru271            0.0000000E+00  0.0000000E+00  4.8314509E+08  0.0000000E+00  0.0000000E+00
         365          12          31        2021         272                     0 hru272            0.0000000E+00  0.0000000E+00  4.8668758E+08  0.0000000E+00  0.0000000E+00
         365          12          31        2021         273                     0 hru273            0.0000000E+00  0.0000000E+00  4.9465392E+08  0.0000000E+00  0.0000000E+00
         365          12          31        2021         274                     0 hru274            0.0000000E+00   926340.2       1581849.      0.0000000E+00  0.0000000E+00
         365          12          31        2021         275                     0 hru275            0.0000000E+00   1010510.       1602318.      0.0000000E+00  0.0000000E+00
         365          12          31        2021         276                     0 hru276            0.0000000E+00   831751.1       2388702.      0.0000000E+00  0.0000000E+00
         365          12          31        2021         277                     0 hru277            0.0000000E+00   666972.9       2120398.      0.0000000E+00  0.0000000E+00
         365          12          31        2021         278                     0 hru278            0.0000000E+00  0.0000000E+00  5.3580160E+08  0.0000000E+00  0.0000000E+00
         365          12          31        2021         279                     0 hru279            0.0000000E+00  0.0000000E+00  5.1524816E+08  0.0000000E+00  0.0000000E+00
         365          12          31        2021         280                     0 hru280            0.0000000E+00  0.0000000E+00  5.1527446E+08  0.0000000E+00  0.0000000E+00
         365          12          31        2021         281                     0 hru281            0.0000000E+00  0.0000000E+00  2.2058706E+08  0.0000000E+00  0.0000000E+00
         365          12          31        2021         282                     0 hru282            0.0000000E+00  0.0000000E+00  2.1836200E+08  0.0000000E+00  0.0000000E+00
         365          12          31        2021         283                     0 hru283            0.0000000E+00  0.0000000E+00  3.8244854E+08  0.0000000E+00  0.0000000E+00
         365          12          31        2021         284                     0 hru284            0.0000000E+00  0.0000000E+00  3.7841677E+08  0.0000000E+00  0.0000000E+00
         365          12          31        2021         285                     0 hru285            0.0000000E+00  0.0000000E+00  3.7593578E+08  0.0000000E+00  0.0000000E+00
         365          12          31        2021         286                     0 hru286            0.0000000E+00  0.0000000E+00  3.7593536E+08  0.0000000E+00  0.0000000E+00
         365          12          31        2021         287                     0 hru287            0.0000000E+00  0.0000000E+00  3.8208621E+08  0.0000000E+00  0.0000000E+00
         365          12          31        2021         288                     0 hru288            0.0000000E+00  0.0000000E+00   6182949.      0.0000000E+00  0.0000000E+00
         365          12          31        2021         289                     0 hru289            0.0000000E+00  0.0000000E+00   6006876.      0.0000000E+00  0.0000000E+00
         365          12          31        2021         290                     0 hru290            0.0000000E+00  0.0000000E+00   6240901.      0.0000000E+00  0.0000000E+00
         365          12          31        2021         291                     0 hru291            0.0000000E+00  0.0000000E+00   5742630.      0.0000000E+00  0.0000000E+00
         365          12          31        2021         292                     0 hru292            0.0000000E+00  0.0000000E+00   5890186.      0.0000000E+00  0.0000000E+00
         365          12          31        2021         293                     0 hru293            0.0000000E+00  0.0000000E+00   5671246.      0.0000000E+00  0.0000000E+00
         365          12          31        2021         294                     0 hru294            0.0000000E+00   785237.3       1433232.      0.0000000E+00  0.0000000E+00
         365          12          31        2021         295                     0 hru295            0.0000000E+00   1940229.       2422346.      0.0000000E+00  0.0000000E+00
         365          12          31        2021         296                     0 hru296            0.0000000E+00  0.0000000E+00   2494062.      0.0000000E+00  0.0000000E+00
         365          12          31        2021         297                     0 hru297            0.0000000E+00   1855681.       3546298.      0.0000000E+00  0.0000000E+00
         365          12          31        2021         298                     0 hru298            0.0000000E+00  0.0000000E+00  2.0401392E+07  0.0000000E+00  0.0000000E+00
         365          12          31        2021         299                     0 hru299            0.0000000E+00  0.0000000E+00   6485428.      0.0000000E+00  0.0000000E+00
         365          12          31        2021         300                     0 hru300            0.0000000E+00   1672578.       5559092.      0.0000000E+00  0.0000000E+00
         365          12          31        2021         301                     0 hru301            0.0000000E+00  0.0000000E+00   2220472.      0.0000000E+00  0.0000000E+00
         365          12          31        2021         302                     0 hru302            0.0000000E+00  0.0000000E+00   6586202.      0.0000000E+00  0.0000000E+00
         365          12          31        2021         303                     0 hru303            0.0000000E+00   2022198.       6212558.      0.0000000E+00  0.0000000E+00
         365          12          31        2021         304                     0 hru304            0.0000000E+00  0.0000000E+00  5.3612566E+08  0.0000000E+00  0.0000000E+00
         365          12          31        2021         305                     0 hru305            0.0000000E+00  0.0000000E+00  5.1586266E+08  0.0000000E+00  0.0000000E+00
         365          12          31        2021         306                     0 hru306            0.0000000E+00  0.0000000E+00  4.9893408E+08  0.0000000E+00  0.0000000E+00
         365          12          31        2021         307                     0 hru307            0.0000000E+00  0.0000000E+00  5.1090381E+08  0.0000000E+00  0.0000000E+00
         365          12          31        2021         308                     0 hru308            0.0000000E+00  0.0000000E+00  5.0318413E+08  0.0000000E+00  0.0000000E+00
         365          12          31        2021         309                     0 hru309            0.0000000E+00  0.0000000E+00  5.3631046E+08  0.0000000E+00  0.0000000E+00
         365          12          31        2021         310                     0 hru310            0.0000000E+00  0.0000000E+00  5.1212144E+08  0.0000000E+00  0.0000000E+00
         365          12          31        2021         311                     0 hru311            0.0000000E+00  0.0000000E+00  5.3692858E+08  0.0000000E+00  0.0000000E+00
         365          12          31        2021         312                     0 hru312            0.0000000E+00  0.0000000E+00  5.1585888E+08  0.0000000E+00  0.0000000E+00
         365          12          31        2021         313                     0 hru313            0.0000000E+00  0.0000000E+00  5.4224506E+08  0.0000000E+00  0.0000000E+00
         365          12          31        2021         314                     0 hru314            0.0000000E+00   1369287.       3500330.      0.0000000E+00  0.0000000E+00
