 Mini_CREATE               SWAT+ Jan 11 2024        MODULAR Rev 2024.61.0                                 
        jday        mon        day         yr            unit              gis_id     name                plant_c    res_decay_c    harv_stov_c         emit_c
                                                                                                          kg C/ha        kg C/ha        kg C/ha        kg C/ha
         365          12          31        2021           1                     0 hru001            1.9996472E+08  0.0000000E+00  0.0000000E+00  0.0000000E+00
         365          12          31        2021           2                     0 hru002            2.0178072E+08  0.0000000E+00  0.0000000E+00  0.0000000E+00
         365          12          31        2021           3                     0 hru003            5.0795974E+08  0.0000000E+00  0.0000000E+00  0.0000000E+00
         365          12          31        2021           4                     0 hru004            5.2866477E+08  0.0000000E+00  0.0000000E+00  0.0000000E+00
         365          12          31        2021           5                     0 hru005            5.2395741E+08  0.0000000E+00  0.0000000E+00  0.0000000E+00
         365          12          31        2021           6                     0 hru006            5.2824570E+08  0.0000000E+00  0.0000000E+00  0.0000000E+00
         365          12          31        2021           7                     0 hru007            5.2383075E+08  0.0000000E+00  0.0000000E+00  0.0000000E+00
         365          12          31        2021           8                     0 hru008            5.2872150E+08  0.0000000E+00  0.0000000E+00  0.0000000E+00
         365          12          31        2021           9                     0 hru009            4.8012272E+08  0.0000000E+00  0.0000000E+00  0.0000000E+00
         365          12          31        2021          10                     0 hru010            5.3819072E+08  0.0000000E+00  0.0000000E+00  0.0000000E+00
         365          12          31        2021          11                     0 hru011            5.1576070E+08  0.0000000E+00  0.0000000E+00  0.0000000E+00
         365          12          31        2021          12                     0 hru012            5.1561478E+08  0.0000000E+00  0.0000000E+00  0.0000000E+00
         365          12          31        2021          13                     0 hru013            5.1581738E+08  0.0000000E+00  0.0000000E+00  0.0000000E+00
         365          12          31        2021          14                     0 hru014            5.1579085E+08  0.0000000E+00  0.0000000E+00  0.0000000E+00
         365          12          31        2021          15                     0 hru015            5.1591923E+08  0.0000000E+00  0.0000000E+00  0.0000000E+00
         365          12          31        2021          16                     0 hru016            5.0306934E+08  0.0000000E+00  0.0000000E+00  0.0000000E+00
         365          12          31        2021          17                     0 hru017            5.1680224E+08  0.0000000E+00  0.0000000E+00  0.0000000E+00
         365          12          31        2021          18                     0 hru018            4.9235677E+08  0.0000000E+00  0.0000000E+00  0.0000000E+00
         365          12          31        2021          19                     0 hru019            5.1320826E+08  0.0000000E+00  0.0000000E+00  0.0000000E+00
         365          12          31        2021          20                     0 hru020            4.9827718E+08  0.0000000E+00  0.0000000E+00  0.0000000E+00
         365          12          31        2021          21                     0 hru021            5.0810141E+08  0.0000000E+00  0.0000000E+00  0.0000000E+00
         365          12          31        2021          22                     0 hru022            5.0810429E+08  0.0000000E+00  0.0000000E+00  0.0000000E+00
         365          12          31        2021          23                     0 hru023            6.2030112E+08  0.0000000E+00  0.0000000E+00  0.0000000E+00
         365          12          31        2021          24                     0 hru024            6.2026630E+08  0.0000000E+00  0.0000000E+00  0.0000000E+00
         365          12          31        2021          25                     0 hru025            5.0808186E+08  0.0000000E+00  0.0000000E+00  0.0000000E+00
         365          12          31        2021          26                     0 hru026            5.0808669E+08  0.0000000E+00  0.0000000E+00  0.0000000E+00
         365          12          31        2021          27                     0 hru027            4.9962115E+08  0.0000000E+00  0.0000000E+00  0.0000000E+00
         365          12          31        2021          28                     0 hru028            5.0807514E+08  0.0000000E+00  0.0000000E+00  0.0000000E+00
         365          12          31        2021          29                     0 hru029            5.0595315E+08  0.0000000E+00  0.0000000E+00  0.0000000E+00
         365          12          31        2021          30                     0 hru030            4.8851843E+08  0.0000000E+00  0.0000000E+00  0.0000000E+00
         365          12          31        2021          31                     0 hru031            4.9458557E+08  0.0000000E+00  0.0000000E+00  0.0000000E+00
         365          12          31        2021          32                     0 hru032            1.3654983E+07  0.0000000E+00  0.0000000E+00  0.0000000E+00
         365          12          31        2021          33                     0 hru033            2.6575482E+07  0.0000000E+00  0.0000000E+00  0.0000000E+00
         365          12          31        2021          34                     0 hru034            2.2091430E+08  0.0000000E+00  0.0000000E+00  0.0000000E+00
         365          12          31        2021          35                     0 hru035            2.1721925E+08  0.0000000E+00  0.0000000E+00  0.0000000E+00
         365          12          31        2021          36                     0 hru036            2.1721413E+08  0.0000000E+00  0.0000000E+00  0.0000000E+00
         365          12          31        2021          37                     0 hru037            2.2305203E+08  0.0000000E+00  0.0000000E+00  0.0000000E+00
         365          12          31        2021          38                     0 hru038            2.1721795E+08  0.0000000E+00  0.0000000E+00  0.0000000E+00
         365          12          31        2021          39                     0 hru039            2.1722011E+08  0.0000000E+00  0.0000000E+00  0.0000000E+00
         365          12          31        2021          40                     0 hru040            1.0486059E+08  0.0000000E+00  0.0000000E+00  0.0000000E+00
         365          12          31        2021          41                     0 hru041            2.1976533E+08  0.0000000E+00  0.0000000E+00  0.0000000E+00
         365          12          31        2021          42                     0 hru042            2.2145203E+08  0.0000000E+00  0.0000000E+00  0.0000000E+00
         365          12          31        2021          43                     0 hru043            3.7620390E+08  0.0000000E+00  0.0000000E+00  0.0000000E+00
         365          12          31        2021          44                     0 hru044            7.2685901E+08  0.0000000E+00  0.0000000E+00  0.0000000E+00
         365          12          31        2021          45                     0 hru045            3.7638170E+08  0.0000000E+00  0.0000000E+00  0.0000000E+00
         365          12          31        2021          46                     0 hru046            3.7666902E+08  0.0000000E+00  0.0000000E+00  0.0000000E+00
         365          12          31        2021          47                     0 hru047            3.8209098E+08  0.0000000E+00  0.0000000E+00  0.0000000E+00
         365          12          31        2021          48                     0 hru048            3.8194966E+08  0.0000000E+00  0.0000000E+00  0.0000000E+00
         365          12          31        2021          49                     0 hru049            3.9012918E+08  0.0000000E+00  0.0000000E+00  0.0000000E+00
         365          12          31        2021          50                     0 hru050            3.9107184E+08  0.0000000E+00  0.0000000E+00  0.0000000E+00
         365          12          31        2021          51                     0 hru051            3.9101782E+08  0.0000000E+00  0.0000000E+00  0.0000000E+00
         365          12          31        2021          52                     0 hru052            3.9318320E+08  0.0000000E+00  0.0000000E+00  0.0000000E+00
         365          12          31        2021          53                     0 hru053            5.8650189E+08  0.0000000E+00  0.0000000E+00  0.0000000E+00
         365          12          31        2021          54                     0 hru054            3.9107680E+08  0.0000000E+00  0.0000000E+00  0.0000000E+00
         365          12          31        2021          55                     0 hru055             5045170.      0.0000000E+00  0.0000000E+00  0.0000000E+00
         365          12          31        2021          56                     0 hru056             5534162.      0.0000000E+00  0.0000000E+00  0.0000000E+00
         365          12          31        2021          57                     0 hru057             3397014.      0.0000000E+00  0.0000000E+00  0.0000000E+00
         365          12          31        2021          58                     0 hru058             4094760.      0.0000000E+00  0.0000000E+00  0.0000000E+00
         365          12          31        2021          59                     0 hru059             2785717.      0.0000000E+00  0.0000000E+00  0.0000000E+00
         365          12          31        2021          60                     0 hru060             6050384.      0.0000000E+00  0.0000000E+00  0.0000000E+00
         365          12          31        2021          61                     0 hru061             6015751.      0.0000000E+00  0.0000000E+00  0.0000000E+00
         365          12          31        2021          62                     0 hru062             4967081.      0.0000000E+00  0.0000000E+00  0.0000000E+00
         365          12          31        2021          63                     0 hru063             6091428.      0.0000000E+00  0.0000000E+00  0.0000000E+00
         365          12          31        2021          64                     0 hru064             6093222.      0.0000000E+00  0.0000000E+00  0.0000000E+00
         365          12          31        2021          65                     0 hru065             5962630.      0.0000000E+00  0.0000000E+00  0.0000000E+00
         365          12          31        2021          66                     0 hru066             6389429.      0.0000000E+00  0.0000000E+00  0.0000000E+00
         365          12          31        2021          67                     0 hru067             6193198.      0.0000000E+00  0.0000000E+00  0.0000000E+00
         365          12          31        2021          68                     0 hru068             6013280.      0.0000000E+00  0.0000000E+00  0.0000000E+00
         365          12          31        2021          69                     0 hru069             5591930.      0.0000000E+00  0.0000000E+00  0.0000000E+00
         365          12          31        2021          70                     0 hru070             5933012.      0.0000000E+00  0.0000000E+00  0.0000000E+00
         365          12          31        2021          71                     0 hru071             6576900.      0.0000000E+00  0.0000000E+00  0.0000000E+00
         365          12          31        2021          72                     0 hru072             5798453.      0.0000000E+00  0.0000000E+00  0.0000000E+00
         365          12          31        2021          73                     0 hru073             1553193.      0.0000000E+00  0.0000000E+00  0.0000000E+00
         365          12          31        2021          74                     0 hru074             2819514.      0.0000000E+00  0.0000000E+00  0.0000000E+00
         365          12          31        2021          75                     0 hru075             2701798.      0.0000000E+00  0.0000000E+00  0.0000000E+00
         365          12          31        2021          76                     0 hru076             6128698.      0.0000000E+00  0.0000000E+00  0.0000000E+00
         365          12          31        2021          77                     0 hru077             5911800.      0.0000000E+00  0.0000000E+00  0.0000000E+00
         365          12          31        2021          78                     0 hru078             6040748.      0.0000000E+00  0.0000000E+00  0.0000000E+00
         365          12          31        2021          79                     0 hru079             5801491.      0.0000000E+00  0.0000000E+00  0.0000000E+00
         365          12          31        2021          80                     0 hru080             6322536.      0.0000000E+00  0.0000000E+00  0.0000000E+00
         365          12          31        2021          81                     0 hru081             5669554.      0.0000000E+00  0.0000000E+00  0.0000000E+00
         365          12          31        2021          82                     0 hru082             5995311.      0.0000000E+00  0.0000000E+00  0.0000000E+00
         365          12          31        2021          83                     0 hru083             6908041.      0.0000000E+00  0.0000000E+00  0.0000000E+00
         365          12          31        2021          84                     0 hru084             5860070.      0.0000000E+00  0.0000000E+00  0.0000000E+00
         365          12          31        2021          85                     0 hru085             6473394.      0.0000000E+00  0.0000000E+00  0.0000000E+00
         365          12          31        2021          86                     0 hru086             2463291.      0.0000000E+00  0.0000000E+00  0.0000000E+00
         365          12          31        2021          87                     0 hru087             5876918.      0.0000000E+00  0.0000000E+00  0.0000000E+00
         365          12          31        2021          88                     0 hru088             5886678.      0.0000000E+00  0.0000000E+00  0.0000000E+00
         365          12          31        2021          89                     0 hru089             5897773.      0.0000000E+00  0.0000000E+00  0.0000000E+00
         365          12          31        2021          90                     0 hru090             6356328.      0.0000000E+00  0.0000000E+00  0.0000000E+00
         365          12          31        2021          91                     0 hru091             6032168.      0.0000000E+00  0.0000000E+00  0.0000000E+00
         365          12          31        2021          92                     0 hru092             6003052.      0.0000000E+00  0.0000000E+00  0.0000000E+00
         365          12          31        2021          93                     0 hru093             6358835.      0.0000000E+00  0.0000000E+00  0.0000000E+00
         365          12          31        2021          94                     0 hru094             5989658.      0.0000000E+00  0.0000000E+00  0.0000000E+00
         365          12          31        2021          95                     0 hru095             4822512.      0.0000000E+00  0.0000000E+00  0.0000000E+00
         365          12          31        2021          96                     0 hru096             5700524.      0.0000000E+00  0.0000000E+00  0.0000000E+00
         365          12          31        2021          97                     0 hru097             6646384.      0.0000000E+00  0.0000000E+00  0.0000000E+00
         365          12          31        2021          98                     0 hru098             5626426.      0.0000000E+00  0.0000000E+00  0.0000000E+00
         365          12          31        2021          99                     0 hru099             5810374.      0.0000000E+00  0.0000000E+00  0.0000000E+00
         365          12          31        2021         100                     0 hru100             6020044.      0.0000000E+00  0.0000000E+00  0.0000000E+00
         365          12          31        2021         101                     0 hru101             5579132.      0.0000000E+00  0.0000000E+00  0.0000000E+00
         365          12          31        2021         102                     0 hru102             1541239.      0.0000000E+00  0.0000000E+00  0.0000000E+00
         365          12          31        2021         103                     0 hru103             1561294.      0.0000000E+00  0.0000000E+00  0.0000000E+00
         365          12          31        2021         104                     0 hru104             2200424.      0.0000000E+00  0.0000000E+00  0.0000000E+00
         365          12          31        2021         105                     0 hru105             3994874.      0.0000000E+00  0.0000000E+00  0.0000000E+00
         365          12          31        2021         106                     0 hru106             979533.7      0.0000000E+00  0.0000000E+00  0.0000000E+00
         365          12          31        2021         107                     0 hru107             264701.1      0.0000000E+00  0.0000000E+00  0.0000000E+00
         365          12          31        2021         108                     0 hru108             1691502.      0.0000000E+00  0.0000000E+00  0.0000000E+00
         365          12          31        2021         109                     0 hru109             2550871.      0.0000000E+00  0.0000000E+00  0.0000000E+00
         365          12          31        2021         110                     0 hru110             2734322.      0.0000000E+00  0.0000000E+00  0.0000000E+00
         365          12          31        2021         111                     0 hru111             3029073.      0.0000000E+00  0.0000000E+00  0.0000000E+00
         365          12          31        2021         112                     0 hru112             180848.9      0.0000000E+00  0.0000000E+00  0.0000000E+00
         365          12          31        2021         113                     0 hru113             2934830.      0.0000000E+00  0.0000000E+00  0.0000000E+00
         365          12          31        2021         114                     0 hru114             3872322.      0.0000000E+00  0.0000000E+00  0.0000000E+00
         365          12          31        2021         115                     0 hru115             3442984.      0.0000000E+00  0.0000000E+00  0.0000000E+00
         365          12          31        2021         116                     0 hru116             3387613.      0.0000000E+00  0.0000000E+00  0.0000000E+00
         365          12          31        2021         117                     0 hru117             3657498.      0.0000000E+00  0.0000000E+00  0.0000000E+00
         365          12          31        2021         118                     0 hru118             3661132.      0.0000000E+00  0.0000000E+00  0.0000000E+00
         365          12          31        2021         119                     0 hru119             1980352.      0.0000000E+00  0.0000000E+00  0.0000000E+00
         365          12          31        2021         120                     0 hru120             3345777.      0.0000000E+00  0.0000000E+00  0.0000000E+00
         365          12          31        2021         121                     0 hru121             1569197.      0.0000000E+00  0.0000000E+00  0.0000000E+00
         365          12          31        2021         122                     0 hru122             2728951.      0.0000000E+00  0.0000000E+00  0.0000000E+00
         365          12          31        2021         123                     0 hru123             2908321.      0.0000000E+00  0.0000000E+00  0.0000000E+00
         365          12          31        2021         124                     0 hru124             3132974.      0.0000000E+00  0.0000000E+00  0.0000000E+00
         365          12          31        2021         125                     0 hru125             1977558.      0.0000000E+00  0.0000000E+00  0.0000000E+00
         365          12          31        2021         126                     0 hru126             3377045.      0.0000000E+00  0.0000000E+00  0.0000000E+00
         365          12          31        2021         127                     0 hru127             1262218.      0.0000000E+00  0.0000000E+00  0.0000000E+00
         365          12          31        2021         128                     0 hru128             4887168.      0.0000000E+00  0.0000000E+00  0.0000000E+00
         365          12          31        2021         129                     0 hru129             567594.6      0.0000000E+00  0.0000000E+00  0.0000000E+00
         365          12          31        2021         130                     0 hru130             4977001.      0.0000000E+00  0.0000000E+00  0.0000000E+00
         365          12          31        2021         131                     0 hru131             4267052.      0.0000000E+00  0.0000000E+00  0.0000000E+00
         365          12          31        2021         132                     0 hru132             369033.8      0.0000000E+00  0.0000000E+00  0.0000000E+00
         365          12          31        2021         133                     0 hru133             913319.2      0.0000000E+00  0.0000000E+00  0.0000000E+00
         365          12          31        2021         134                     0 hru134             1731200.      0.0000000E+00  0.0000000E+00  0.0000000E+00
         365          12          31        2021         135                     0 hru135             5954600.      0.0000000E+00  0.0000000E+00  0.0000000E+00
         365          12          31        2021         136                     0 hru136             4042032.      0.0000000E+00  0.0000000E+00  0.0000000E+00
         365          12          31        2021         137                     0 hru137             2473150.      0.0000000E+00  0.0000000E+00  0.0000000E+00
         365          12          31        2021         138                     0 hru138             1448196.      0.0000000E+00  0.0000000E+00  0.0000000E+00
         365          12          31        2021         139                     0 hru139             2256465.      0.0000000E+00  0.0000000E+00  0.0000000E+00
         365          12          31        2021         140                     0 hru140             2520161.      0.0000000E+00  0.0000000E+00  0.0000000E+00
         365          12          31        2021         141                     0 hru141             2704091.      0.0000000E+00  0.0000000E+00  0.0000000E+00
         365          12          31        2021         142                     0 hru142             3508884.      0.0000000E+00  0.0000000E+00  0.0000000E+00
         365          12          31        2021         143                     0 hru143             2885085.      0.0000000E+00  0.0000000E+00  0.0000000E+00
         365          12          31        2021         144                     0 hru144             2638022.      0.0000000E+00  0.0000000E+00  0.0000000E+00
         365          12          31        2021         145                     0 hru145             2941630.      0.0000000E+00  0.0000000E+00  0.0000000E+00
         365          12          31        2021         146                     0 hru146             3159264.      0.0000000E+00  0.0000000E+00  0.0000000E+00
         365          12          31        2021         147                     0 hru147             3907875.      0.0000000E+00  0.0000000E+00  0.0000000E+00
         365          12          31        2021         148                     0 hru148             1219942.      0.0000000E+00  0.0000000E+00  0.0000000E+00
         365          12          31        2021         149                     0 hru149             1842114.      0.0000000E+00  0.0000000E+00  0.0000000E+00
         365          12          31        2021         150                     0 hru150             5852633.      0.0000000E+00  0.0000000E+00  0.0000000E+00
         365          12          31        2021         151                     0 hru151             4068003.      0.0000000E+00  0.0000000E+00  0.0000000E+00
         365          12          31        2021         152                     0 hru152             2590316.      0.0000000E+00  0.0000000E+00  0.0000000E+00
         365          12          31        2021         153                     0 hru153             297066.6      0.0000000E+00  0.0000000E+00  0.0000000E+00
         365          12          31        2021         154                     0 hru154             294623.6      0.0000000E+00  0.0000000E+00  0.0000000E+00
         365          12          31        2021         155                     0 hru155             988071.8      0.0000000E+00  0.0000000E+00  0.0000000E+00
         365          12          31        2021         156                     0 hru156             4031017.      0.0000000E+00  0.0000000E+00  0.0000000E+00
         365          12          31        2021         157                     0 hru157             2969709.      0.0000000E+00  0.0000000E+00  0.0000000E+00
         365          12          31        2021         158                     0 hru158             3343483.      0.0000000E+00  0.0000000E+00  0.0000000E+00
         365          12          31        2021         159                     0 hru159             2375680.      0.0000000E+00  0.0000000E+00  0.0000000E+00
         365          12          31        2021         160                     0 hru160             4306140.      0.0000000E+00  0.0000000E+00  0.0000000E+00
         365          12          31        2021         161                     0 hru161             6576982.      0.0000000E+00  0.0000000E+00  0.0000000E+00
         365          12          31        2021         162                     0 hru162             3549451.      0.0000000E+00  0.0000000E+00  0.0000000E+00
         365          12          31        2021         163                     0 hru163             6578111.      0.0000000E+00  0.0000000E+00  0.0000000E+00
         365          12          31        2021         164                     0 hru164             6396033.      0.0000000E+00  0.0000000E+00  0.0000000E+00
         365          12          31        2021         165                     0 hru165             5680755.      0.0000000E+00  0.0000000E+00  0.0000000E+00
         365          12          31        2021         166                     0 hru166             5962084.      0.0000000E+00  0.0000000E+00  0.0000000E+00
         365          12          31        2021         167                     0 hru167             6488484.      0.0000000E+00  0.0000000E+00  0.0000000E+00
         365          12          31        2021         168                     0 hru168             6102430.      0.0000000E+00  0.0000000E+00  0.0000000E+00
         365          12          31        2021         169                     0 hru169             5958872.      0.0000000E+00  0.0000000E+00  0.0000000E+00
         365          12          31        2021         170                     0 hru170             5798330.      0.0000000E+00  0.0000000E+00  0.0000000E+00
         365          12          31        2021         171                     0 hru171             8447868.      0.0000000E+00  0.0000000E+00  0.0000000E+00
         365          12          31        2021         172                     0 hru172             8288380.      0.0000000E+00  0.0000000E+00  0.0000000E+00
         365          12          31        2021         173                     0 hru173             2304490.      0.0000000E+00  0.0000000E+00  0.0000000E+00
         365          12          31        2021         174                     0 hru174            1.7785018E+07  0.0000000E+00  0.0000000E+00  0.0000000E+00
         365          12          31        2021         175                     0 hru175             4733524.      0.0000000E+00  0.0000000E+00  0.0000000E+00
         365          12          31        2021         176                     0 hru176             4819016.      0.0000000E+00  0.0000000E+00  0.0000000E+00
         365          12          31        2021         177                     0 hru177             5975987.      0.0000000E+00  0.0000000E+00  0.0000000E+00
         365          12          31        2021         178                     0 hru178             6404027.      0.0000000E+00  0.0000000E+00  0.0000000E+00
         365          12          31        2021         179                     0 hru179             6183834.      0.0000000E+00  0.0000000E+00  0.0000000E+00
         365          12          31        2021         180                     0 hru180             3542565.      0.0000000E+00  0.0000000E+00  0.0000000E+00
         365          12          31        2021         181                     0 hru181             2865383.      0.0000000E+00  0.0000000E+00  0.0000000E+00
         365          12          31        2021         182                     0 hru182             2935830.      0.0000000E+00  0.0000000E+00  0.0000000E+00
         365          12          31        2021         183                     0 hru183             3893990.      0.0000000E+00  0.0000000E+00  0.0000000E+00
         365          12          31        2021         184                     0 hru184             2564968.      0.0000000E+00  0.0000000E+00  0.0000000E+00
         365          12          31        2021         185                     0 hru185             3453082.      0.0000000E+00  0.0000000E+00  0.0000000E+00
         365          12          31        2021         186                     0 hru186             1609900.      0.0000000E+00  0.0000000E+00  0.0000000E+00
         365          12          31        2021         187                     0 hru187             476791.0      0.0000000E+00  0.0000000E+00  0.0000000E+00
         365          12          31        2021         188                     0 hru188             2315755.      0.0000000E+00  0.0000000E+00  0.0000000E+00
         365          12          31        2021         189                     0 hru189             2344156.      0.0000000E+00  0.0000000E+00  0.0000000E+00
         365          12          31        2021         190                     0 hru190             5191226.      0.0000000E+00  0.0000000E+00  0.0000000E+00
         365          12          31        2021         191                     0 hru191             1085178.      0.0000000E+00  0.0000000E+00  0.0000000E+00
         365          12          31        2021         192                     0 hru192             1722039.      0.0000000E+00  0.0000000E+00  0.0000000E+00
         365          12          31        2021         193                     0 hru193             7134546.      0.0000000E+00  0.0000000E+00  0.0000000E+00
         365          12          31        2021         194                     0 hru194             4232770.      0.0000000E+00  0.0000000E+00  0.0000000E+00
         365          12          31        2021         195                     0 hru195             608672.3      0.0000000E+00  0.0000000E+00  0.0000000E+00
         365          12          31        2021         196                     0 hru196             3468618.      0.0000000E+00  0.0000000E+00  0.0000000E+00
         365          12          31        2021         197                     0 hru197             6209570.      0.0000000E+00  0.0000000E+00  0.0000000E+00
         365          12          31        2021         198                     0 hru198             5736447.      0.0000000E+00  0.0000000E+00  0.0000000E+00
         365          12          31        2021         199                     0 hru199             594519.2      0.0000000E+00  0.0000000E+00  0.0000000E+00
         365          12          31        2021         200                     0 hru200             611380.6      0.0000000E+00  0.0000000E+00  0.0000000E+00
         365          12          31        2021         201                     0 hru201             3433746.      0.0000000E+00  0.0000000E+00  0.0000000E+00
         365          12          31        2021         202                     0 hru202             4258228.      0.0000000E+00  0.0000000E+00  0.0000000E+00
         365          12          31        2021         203                     0 hru203             4670378.      0.0000000E+00  0.0000000E+00  0.0000000E+00
         365          12          31        2021         204                     0 hru204             2862158.      0.0000000E+00  0.0000000E+00  0.0000000E+00
         365          12          31        2021         205                     0 hru205             3896025.      0.0000000E+00  0.0000000E+00  0.0000000E+00
         365          12          31        2021         206                     0 hru206             3715892.      0.0000000E+00  0.0000000E+00  0.0000000E+00
         365          12          31        2021         207                     0 hru207             3240549.      0.0000000E+00  0.0000000E+00  0.0000000E+00
         365          12          31        2021         208                     0 hru208             3065232.      0.0000000E+00  0.0000000E+00  0.0000000E+00
         365          12          31        2021         209                     0 hru209             2656634.      0.0000000E+00  0.0000000E+00  0.0000000E+00
         365          12          31        2021         210                     0 hru210             3365918.      0.0000000E+00  0.0000000E+00  0.0000000E+00
         365          12          31        2021         211                     0 hru211             4076831.      0.0000000E+00  0.0000000E+00  0.0000000E+00
         365          12          31        2021         212                     0 hru212             5457074.      0.0000000E+00  0.0000000E+00  0.0000000E+00
         365          12          31        2021         213                     0 hru213             630127.1      0.0000000E+00  0.0000000E+00  0.0000000E+00
         365          12          31        2021         214                     0 hru214             3681939.      0.0000000E+00  0.0000000E+00  0.0000000E+00
         365          12          31        2021         215                     0 hru215             3677622.      0.0000000E+00  0.0000000E+00  0.0000000E+00
         365          12          31        2021         216                     0 hru216             4617286.      0.0000000E+00  0.0000000E+00  0.0000000E+00
         365          12          31        2021         217                     0 hru217             4116045.      0.0000000E+00  0.0000000E+00  0.0000000E+00
         365          12          31        2021         218                     0 hru218             4255832.      0.0000000E+00  0.0000000E+00  0.0000000E+00
         365          12          31        2021         219                     0 hru219             3681106.      0.0000000E+00  0.0000000E+00  0.0000000E+00
         365          12          31        2021         220                     0 hru220             679574.6      0.0000000E+00  0.0000000E+00  0.0000000E+00
         365          12          31        2021         221                     0 hru221            1.8420236E+07  0.0000000E+00  0.0000000E+00  0.0000000E+00
         365          12          31        2021         222                     0 hru222             3804332.      0.0000000E+00  0.0000000E+00  0.0000000E+00
         365          12          31        2021         223                     0 hru223             2915064.      0.0000000E+00  0.0000000E+00  0.0000000E+00
         365          12          31        2021         224                     0 hru224             3839555.      0.0000000E+00  0.0000000E+00  0.0000000E+00
         365          12          31        2021         225                     0 hru225             4663084.      0.0000000E+00  0.0000000E+00  0.0000000E+00
         365          12          31        2021         226                     0 hru226             3360213.      0.0000000E+00  0.0000000E+00  0.0000000E+00
         365          12          31        2021         227                     0 hru227             4158035.      0.0000000E+00  0.0000000E+00  0.0000000E+00
         365          12          31        2021         228                     0 hru228             3301270.      0.0000000E+00  0.0000000E+00  0.0000000E+00
         365          12          31        2021         229                     0 hru229             3688650.      0.0000000E+00  0.0000000E+00  0.0000000E+00
         365          12          31        2021         230                     0 hru230             4749988.      0.0000000E+00  0.0000000E+00  0.0000000E+00
         365          12          31        2021         231                     0 hru231             3110462.      0.0000000E+00  0.0000000E+00  0.0000000E+00
         365          12          31        2021         232                     0 hru232             4132500.      0.0000000E+00  0.0000000E+00  0.0000000E+00
         365          12          31        2021         233                     0 hru233             4220426.      0.0000000E+00  0.0000000E+00  0.0000000E+00
         365          12          31        2021         234                     0 hru234             2301293.      0.0000000E+00  0.0000000E+00  0.0000000E+00
         365          12          31        2021         235                     0 hru235             2770025.      0.0000000E+00  0.0000000E+00  0.0000000E+00
         365          12          31        2021         236                     0 hru236             2857603.      0.0000000E+00  0.0000000E+00  0.0000000E+00
         365          12          31        2021         237                     0 hru237             3384527.      0.0000000E+00  0.0000000E+00  0.0000000E+00
         365          12          31        2021         238                     0 hru238             3224536.      0.0000000E+00  0.0000000E+00  0.0000000E+00
         365          12          31        2021         239                     0 hru239            5.0606272E+08  0.0000000E+00  0.0000000E+00  0.0000000E+00
         365          12          31        2021         240                     0 hru240            5.1169776E+08  0.0000000E+00  0.0000000E+00  0.0000000E+00
         365          12          31        2021         241                     0 hru241            5.0790870E+08  0.0000000E+00  0.0000000E+00  0.0000000E+00
         365          12          31        2021         242                     0 hru242            5.1114134E+08  0.0000000E+00  0.0000000E+00  0.0000000E+00
         365          12          31        2021         243                     0 hru243            5.0775437E+08  0.0000000E+00  0.0000000E+00  0.0000000E+00
         365          12          31        2021         244                     0 hru244            5.1571120E+08  0.0000000E+00  0.0000000E+00  0.0000000E+00
         365          12          31        2021         245                     0 hru245            5.1588614E+08  0.0000000E+00  0.0000000E+00  0.0000000E+00
         365          12          31        2021         246                     0 hru246            2.1162992E+08  0.0000000E+00  0.0000000E+00  0.0000000E+00
         365          12          31        2021         247                     0 hru247             1672101.      0.0000000E+00  0.0000000E+00  0.0000000E+00
         365          12          31        2021         248                     0 hru248             322995.3      0.0000000E+00  0.0000000E+00  0.0000000E+00
         365          12          31        2021         249                     0 hru249             332831.9      0.0000000E+00  0.0000000E+00  0.0000000E+00
         365          12          31        2021         250                     0 hru250             2337247.      0.0000000E+00  0.0000000E+00  0.0000000E+00
         365          12          31        2021         251                     0 hru251            5.1307027E+08  0.0000000E+00  0.0000000E+00  0.0000000E+00
         365          12          31        2021         252                     0 hru252            3.8661814E+08  0.0000000E+00  0.0000000E+00  0.0000000E+00
         365          12          31        2021         253                     0 hru253            5.1505523E+08  0.0000000E+00  0.0000000E+00  0.0000000E+00
         365          12          31        2021         254                     0 hru254            5.2191062E+08  0.0000000E+00  0.0000000E+00  0.0000000E+00
         365          12          31        2021         255                     0 hru255            5.1574240E+08  0.0000000E+00  0.0000000E+00  0.0000000E+00
         365          12          31        2021         256                     0 hru256            3.0040170E+08  0.0000000E+00  0.0000000E+00  0.0000000E+00
         365          12          31        2021         257                     0 hru257            5.1581635E+08  0.0000000E+00  0.0000000E+00  0.0000000E+00
         365          12          31        2021         258                     0 hru258            5.1508954E+08  0.0000000E+00  0.0000000E+00  0.0000000E+00
         365          12          31        2021         259                     0 hru259            2.9990003E+08  0.0000000E+00  0.0000000E+00  0.0000000E+00
         365          12          31        2021         260                     0 hru260            2.7315946E+08  0.0000000E+00  0.0000000E+00  0.0000000E+00
         365          12          31        2021         261                     0 hru261            3.0236672E+08  0.0000000E+00  0.0000000E+00  0.0000000E+00
         365          12          31        2021         262                     0 hru262            5.2392435E+08  0.0000000E+00  0.0000000E+00  0.0000000E+00
         365          12          31        2021         263                     0 hru263            2.7047190E+08  0.0000000E+00  0.0000000E+00  0.0000000E+00
         365          12          31        2021         264                     0 hru264            5.1927248E+08  0.0000000E+00  0.0000000E+00  0.0000000E+00
         365          12          31        2021         265                     0 hru265            5.1806912E+08  0.0000000E+00  0.0000000E+00  0.0000000E+00
         365          12          31        2021         266                     0 hru266            5.1593690E+08  0.0000000E+00  0.0000000E+00  0.0000000E+00
         365          12          31        2021         267                     0 hru267            5.1576973E+08  0.0000000E+00  0.0000000E+00  0.0000000E+00
         365          12          31        2021         268                     0 hru268            4.8962323E+08  0.0000000E+00  0.0000000E+00  0.0000000E+00
         365          12          31        2021         269                     0 hru269            4.9160224E+08  0.0000000E+00  0.0000000E+00  0.0000000E+00
         365          12          31        2021         270                     0 hru270            5.1585146E+08  0.0000000E+00  0.0000000E+00  0.0000000E+00
         365          12          31        2021         271                     0 hru271            4.8314506E+08  0.0000000E+00  0.0000000E+00  0.0000000E+00
         365          12          31        2021         272                     0 hru272            4.8668758E+08  0.0000000E+00  0.0000000E+00  0.0000000E+00
         365          12          31        2021         273                     0 hru273            4.9465392E+08  0.0000000E+00  0.0000000E+00  0.0000000E+00
         365          12          31        2021         274                     0 hru274             1581849.      0.0000000E+00  0.0000000E+00  0.0000000E+00
         365          12          31        2021         275                     0 hru275             1602318.      0.0000000E+00  0.0000000E+00  0.0000000E+00
         365          12          31        2021         276                     0 hru276             2388702.      0.0000000E+00  0.0000000E+00  0.0000000E+00
         365          12          31        2021         277                     0 hru277             2120398.      0.0000000E+00  0.0000000E+00  0.0000000E+00
         365          12          31        2021         278                     0 hru278            5.3580160E+08  0.0000000E+00  0.0000000E+00  0.0000000E+00
         365          12          31        2021         279                     0 hru279            5.1524816E+08  0.0000000E+00  0.0000000E+00  0.0000000E+00
         365          12          31        2021         280                     0 hru280            5.1527446E+08  0.0000000E+00  0.0000000E+00  0.0000000E+00
         365          12          31        2021         281                     0 hru281            2.2058706E+08  0.0000000E+00  0.0000000E+00  0.0000000E+00
         365          12          31        2021         282                     0 hru282            2.1836200E+08  0.0000000E+00  0.0000000E+00  0.0000000E+00
         365          12          31        2021         283                     0 hru283            3.8244854E+08  0.0000000E+00  0.0000000E+00  0.0000000E+00
         365          12          31        2021         284                     0 hru284            3.7841677E+08  0.0000000E+00  0.0000000E+00  0.0000000E+00
         365          12          31        2021         285                     0 hru285            3.7593578E+08  0.0000000E+00  0.0000000E+00  0.0000000E+00
         365          12          31        2021         286                     0 hru286            3.7593536E+08  0.0000000E+00  0.0000000E+00  0.0000000E+00
         365          12          31        2021         287                     0 hru287            3.8208621E+08  0.0000000E+00  0.0000000E+00  0.0000000E+00
         365          12          31        2021         288                     0 hru288             6182949.      0.0000000E+00  0.0000000E+00  0.0000000E+00
         365          12          31        2021         289                     0 hru289             6006876.      0.0000000E+00  0.0000000E+00  0.0000000E+00
         365          12          31        2021         290                     0 hru290             6240901.      0.0000000E+00  0.0000000E+00  0.0000000E+00
         365          12          31        2021         291                     0 hru291             5742630.      0.0000000E+00  0.0000000E+00  0.0000000E+00
         365          12          31        2021         292                     0 hru292             5890186.      0.0000000E+00  0.0000000E+00  0.0000000E+00
         365          12          31        2021         293                     0 hru293             5671246.      0.0000000E+00  0.0000000E+00  0.0000000E+00
         365          12          31        2021         294                     0 hru294             1433232.      0.0000000E+00  0.0000000E+00  0.0000000E+00
         365          12          31        2021         295                     0 hru295             2422346.      0.0000000E+00  0.0000000E+00  0.0000000E+00
         365          12          31        2021         296                     0 hru296             2494062.      0.0000000E+00  0.0000000E+00  0.0000000E+00
         365          12          31        2021         297                     0 hru297             3546298.      0.0000000E+00  0.0000000E+00  0.0000000E+00
         365          12          31        2021         298                     0 hru298            2.0401390E+07  0.0000000E+00  0.0000000E+00  0.0000000E+00
         365          12          31        2021         299                     0 hru299             6485428.      0.0000000E+00  0.0000000E+00  0.0000000E+00
         365          12          31        2021         300                     0 hru300             5559092.      0.0000000E+00  0.0000000E+00  0.0000000E+00
         365          12          31        2021         301                     0 hru301             2220472.      0.0000000E+00  0.0000000E+00  0.0000000E+00
         365          12          31        2021         302                     0 hru302             6586202.      0.0000000E+00  0.0000000E+00  0.0000000E+00
         365          12          31        2021         303                     0 hru303             6212558.      0.0000000E+00  0.0000000E+00  0.0000000E+00
         365          12          31        2021         304                     0 hru304            5.3612566E+08  0.0000000E+00  0.0000000E+00  0.0000000E+00
         365          12          31        2021         305                     0 hru305            5.1586266E+08  0.0000000E+00  0.0000000E+00  0.0000000E+00
         365          12          31        2021         306                     0 hru306            4.9893408E+08  0.0000000E+00  0.0000000E+00  0.0000000E+00
         365          12          31        2021         307                     0 hru307            5.1090381E+08  0.0000000E+00  0.0000000E+00  0.0000000E+00
         365          12          31        2021         308                     0 hru308            5.0318413E+08  0.0000000E+00  0.0000000E+00  0.0000000E+00
         365          12          31        2021         309                     0 hru309            5.3631046E+08  0.0000000E+00  0.0000000E+00  0.0000000E+00
         365          12          31        2021         310                     0 hru310            5.1212144E+08  0.0000000E+00  0.0000000E+00  0.0000000E+00
         365          12          31        2021         311                     0 hru311            5.3692858E+08  0.0000000E+00  0.0000000E+00  0.0000000E+00
         365          12          31        2021         312                     0 hru312            5.1585888E+08  0.0000000E+00  0.0000000E+00  0.0000000E+00
         365          12          31        2021         313                     0 hru313            5.4224506E+08  0.0000000E+00  0.0000000E+00  0.0000000E+00
         365          12          31        2021         314                     0 hru314             3500330.      0.0000000E+00  0.0000000E+00  0.0000000E+00
