 Mini_CREATE               SWAT+ Jan 11 2024        MODULAR Rev 2024.61.0                                 
   jday   mon   day    yr   unit  gis_id  name                     lai       bioms       yield     residue     sol_tmp       strsw       strsa     strstmp       strsn       strsp       strss        nplt       percn       pplnt         tmx         tmn       tmpav     solarad      wndspd        rhum     phubas0     lai_max      bm_max     bm_grow       c_gro
                                                             m**2/m**2        kgha        kgha        kgha        degc         ---         ---         ---         ---         ---         ---        kgha        kgha        kgha        degc        degc        degc      mj/m^2         m/s        frac        degc   m**2/m**2       kg/ha       kg/ha       kg/ha
   366    12    31  1996       1       1  Mini_CREATE            1.650   25018.789    1332.053    1927.463       5.739       1.922      68.125     116.462      17.591       0.114       0.000       0.000      42.153       0.000      10.074       2.425       6.250       9.427       2.345       0.833       0.382       0.000       0.000       0.000       0.000
   365    12    31  1997       1       1  Mini_CREATE            1.428   26605.135    1183.471    1447.568       6.988       2.244      69.429     105.811      18.224       0.048       0.000       0.000      61.084       0.000      11.534       3.950       7.742       9.945       2.665       0.815       0.437       0.000       0.000       0.000       0.000
   365    12    31  1998       1       1  Mini_CREATE            1.658   28475.115    1108.922    1200.605       7.096       2.244     103.307     106.038      24.278       0.335       0.000       0.000      75.142       0.000      11.428       4.066       7.747       9.595       3.003       0.839       0.473       0.000       0.000       0.000       0.000
   365    12    31  1999       1       1  Mini_CREATE            1.316   29582.498    1142.755    1619.945       7.955       1.837      82.536      85.951      22.196       0.056       0.000       0.000      69.640       0.000      12.687       4.666       8.676       9.964       2.600       0.852       0.483       0.000       0.000       0.000       0.000
   366    12    31  2000       1       1  Mini_CREATE            1.658   31336.773    1602.218    1272.156       8.496       3.429      72.941      85.172      27.134       0.130       0.000       0.000      67.194       0.000      12.962       5.440       9.201       9.926       2.689       0.845       0.498       0.000       0.000       0.000       0.000
   365    12    31  2001       1       1  Mini_CREATE            1.564   31534.805    1245.521    1513.703       7.167       1.543      80.707      96.174      35.852       0.078       0.000       0.000      67.910       0.000      11.486       4.225       7.855       9.469       2.937       0.857       0.441       0.000       0.000       0.000       0.000
   365    12    31  2002       1       1  Mini_CREATE            1.281   31280.252    1015.482    1420.837       8.093       2.222      73.406      68.275      33.278       0.071       0.000       0.000      61.253       0.000      12.771       4.894       8.833       9.709       3.607       0.817       0.527       0.000       0.000       0.000       0.000
   365    12    31  2003       1       1  Mini_CREATE            1.315   31760.213    1576.076    1728.618       7.036       5.289      43.576      91.474      42.211       0.356       0.000       0.000      43.227       0.000      12.369       3.500       7.935      10.121       3.515       0.807       0.443       0.000       0.000       0.000       0.000
   366    12    31  2004       1       1  Mini_CREATE            1.529   31673.822    1506.215    1573.462       7.223       3.539      71.929      95.434      48.856       0.048       0.000       0.000      99.172       0.000      11.853       3.941       7.897       9.633       4.077       0.804       0.440       0.000       0.000       0.000       0.000
   365    12    31  2005       1       1  Mini_CREATE            1.436   31450.365    1308.480    1434.363       7.443       6.865      60.425      99.197      47.420       0.199       0.000       0.000      54.747       0.000      12.094       3.957       8.026      10.072       3.896       0.791       0.444       0.000       0.000       0.000       0.000
   365    12    31  2006       1       1  Mini_CREATE            1.392   31328.662    1414.745    1789.652       7.633      10.434      40.823      92.552      47.875       0.794       0.000       0.000      44.676       0.000      12.625       4.684       8.654       9.975       3.746       0.807       0.449       0.000       0.000       0.000       0.000
   365    12    31  2007       1       1  Mini_CREATE            1.364   30741.057    1201.100    1166.939       8.429       2.464      57.468      77.214      51.439       0.085       0.000       0.000      70.022       0.000      12.973       5.391       9.182       9.506       4.222       0.815       0.529       0.000       0.000       0.000       0.000
   366    12    31  2008       1       1  Mini_CREATE            1.501   30388.162    1440.486    1133.935       8.209       5.659      62.694      90.169      57.332       0.265       0.000       0.000      62.892       0.000      12.724       5.034       8.879      10.084       4.222       0.818       0.494       0.000       0.000       0.000       0.000
   365    12    31  2009       1       1  Mini_CREATE            1.390   30326.070    1915.964    1500.393       7.691       2.505      47.353      90.454      54.733       0.061       0.000       0.000      59.986       0.000      12.163       4.176       8.169      10.717       3.712       0.816       0.454       0.000       0.000       0.000       0.000
   365    12    31  2010       1       1  Mini_CREATE            1.459   30049.043    1513.454    1691.197       6.585       5.531      68.569     108.398      55.204       0.006       0.000       0.000      74.214       0.000      11.003       2.782       6.893      10.853       3.732       0.827       0.432       0.000       0.000       0.000       0.000
   365    12    31  2011       1       1  Mini_CREATE            1.320   30005.939    1713.776    1829.113       7.979       4.479      55.453      84.616      55.412       0.106       0.000       0.000      35.305       0.000      12.588       4.817       8.702      11.152       4.052       0.820       0.479       0.000       0.000       0.000       0.000
   366    12    31  2012       1       1  Mini_CREATE            1.360   29604.342    1503.853    1276.960       7.598       4.083      51.614      83.596      56.001       0.121       0.000       0.000      66.254       0.000      11.954       4.463       8.208      10.330       3.798       0.822       0.483       0.000       0.000       0.000       0.000
   365    12    31  2013       1       1  Mini_CREATE            1.402   29198.932    1397.458    1581.212       7.878       6.673      50.354      87.644      58.933       0.311       0.000       0.000      48.555       0.000      11.974       4.968       8.471      10.556       3.626       0.814       0.450       0.000       0.000       0.000       0.000
   365    12    31  2014       1       1  Mini_CREATE            1.459   29301.252    2046.147    1290.052       8.799       8.171      23.672      77.468      50.925       0.115       0.000       0.000      41.725       0.000      13.362       5.696       9.529      10.998       3.588       0.805       0.539       0.000       0.000       0.000       0.000
   365    12    31  2015       1       1  Mini_CREATE            1.514   28885.975    2010.186    1262.111       8.499       9.065      33.982      87.447      52.285       0.169       0.000       0.000      73.248       0.000      13.442       5.353       9.397      10.755       4.322       0.792       0.490       0.000       0.000       0.000       0.000
   366    12    31  2016       1       1  Mini_CREATE            1.369   28606.262    1881.881    1287.743       8.532       4.301      41.429      81.906      49.817       0.347       0.000       0.000      56.427       0.000      12.711       5.775       9.243      10.200       3.968       0.812       0.510       0.000       0.000       0.000       0.000
   365    12    31  2017       1       1  Mini_CREATE            1.346   27653.244    1299.699    1192.066       8.261       2.312      63.326      82.241      54.819       0.224       0.000       0.000      80.334       0.000      12.237       5.926       9.082       8.931       4.420       0.823       0.484       0.000       0.000       0.000       0.000
   365    12    31  2018       1       1  Mini_CREATE            1.427   27376.164    1329.971    1181.954       8.697      13.183      47.214      72.692      58.637       0.167       0.000       0.000      33.706       0.000      13.543       5.897       9.720      11.238       3.932       0.790       0.529       0.000       0.000       0.000       0.000
   365    12    31  2019       1       1  Mini_CREATE            1.352   27273.223    1739.882    1132.577       9.199       9.769      38.189      77.187      47.802       0.558       0.000       0.000      76.887       0.000      13.731       6.586      10.159      10.742       4.357       0.797       0.541       0.000       0.000       0.000       0.000
   366    12    31  2020       1       1  Mini_CREATE            1.521   26790.234    1705.094    1030.573       9.322       3.482      63.344      82.001      52.493       0.063       0.000       0.000      59.204       0.000      13.595       6.602      10.099      10.647       4.478       0.794       0.543       0.000       0.000       0.000       0.000
   365    12    31  2021       1       1  Mini_CREATE            1.381   26490.951    1479.418    1154.648       8.242       8.655      38.003      88.418      50.751       0.051       0.000       0.000      51.576       0.000      12.514       5.528       9.021      10.548       4.168       0.804       0.489       0.000       0.000       0.000       0.000
