 Mini_CREATE               SWAT+ Jan 11 2024        MODULAR Rev 2024.61.0                                 
   jday   mon   day    yr   unit  gis_id  name                    flo_in          geo_bf         flo_out           peakr         sed_in        sed_out         washld          bedld            dep        deg_btm       deg_bank         hc_sed          width          depth          slope        deg_btm       deg_bank         hc_len      flo_in_mm       aqu_in_mm      flo_out_mm        sed_stor 
                                                                   m^3/s           m^3/s           m^3/s           m^3/s           tons           tons           tons           tons           tons           tons           tons           tons              m              m            m/m              m              m              m             mm              mm              mm            tons 
   366    12    31  1996       1       0  cha1                 0.6715E-02     0.6325E-02     0.6701E-02     0.2903E-01     0.6354E-02     0.4941E+00     0.3177E-02     0.0000E+00     0.3177E-02     0.0000E+00     0.4909E+00     0.0000E+00     0.1405E+01     0.2021E+00     0.1220E-02     0.0000E+00     0.5872E-01     0.0000E+00     0.1358E+04     0.1279E+04     0.1355E+04     0.4881E-03
   366    12    31  1996       2       0  cha2                 0.4522E-01     0.3602E-01     0.4522E-01     0.2183E+00     0.5420E-06     0.1457E+00     0.2710E-06     0.0000E+00     0.1081E-06     0.0000E+00     0.1457E+00     0.0000E+00     0.8353E+00     0.1475E+00     0.3140E-02     0.0000E+00     0.4712E-01     0.0000E+00     0.4006E+05     0.3192E+05     0.4006E+05     0.5486E-04
   366    12    31  1996       3       0  cha3                 0.5331E-01     0.2969E-01     0.5330E-01     0.2373E+00     0.4802E-04     0.6234E+01     0.2401E-04     0.0000E+00     0.9849E-06     0.4061E-02     0.6230E+01     0.0000E+00     0.1292E+01     0.1922E+00     0.5260E-02     0.1106E-03     0.8817E+00     0.0000E+00     0.1367E+05     0.7616E+04     0.1367E+05     0.4634E-02
   366    12    31  1996       4       0  cha4                 0.7556E-01     0.7387E-01     0.7556E-01     0.3184E+00     0.6246E+00     0.5333E+00     0.3123E+00     0.0000E+00     0.2870E+00     0.0000E+00     0.2210E+00     0.0000E+00     0.1495E+01     0.2098E+00     0.1700E-02     0.0000E+00     0.2324E-01     0.0000E+00     0.1282E+05     0.1253E+05     0.1282E+05     0.5350E-03
   366    12    31  1996       5       0  cha5                 0.2100E+00     0.6411E-01     0.2100E+00     0.6665E+00     0.7088E+01     0.3667E+01     0.3544E+01     0.0000E+00     0.3503E+01     0.0000E+00     0.1232E+00     0.0000E+00     0.2222E+01     0.2667E+00     0.1020E-02     0.0000E+00     0.6095E-02     0.0000E+00     0.1154E+05     0.3525E+04     0.1154E+05     0.1567E-02
   366    12    31  1996       6       0  cha6                 0.2357E+00     0.1888E-01     0.2357E+00     0.6306E+00     0.4629E+01     0.2737E+01     0.2314E+01     0.0000E+00     0.2180E+01     0.0000E+00     0.4231E+00     0.0000E+00     0.2569E+01     0.2911E+00     0.8800E-03     0.0000E+00     0.1560E-01     0.0000E+00     0.8579E+04     0.6875E+03     0.8579E+04     0.4934E-03
   365    12    31  1997       1       0  cha1                 0.1707E-01     0.1651E-01     0.1706E-01     0.7383E-01     0.1009E-01     0.1122E+01     0.5043E-02     0.0000E+00     0.4695E-02     0.0000E+00     0.1117E+01     0.0000E+00     0.1405E+01     0.2021E+00     0.1220E-02     0.0000E+00     0.1327E+00     0.0000E+00     0.3444E+04     0.3329E+04     0.3442E+04     0.9506E-03
   365    12    31  1997       2       0  cha2                 0.6177E-01     0.4962E-01     0.6177E-01     0.2982E+00     0.5405E-06     0.5940E-01     0.2702E-06     0.0000E+00     0.9033E-07     0.0000E+00     0.5940E-01     0.0000E+00     0.8353E+00     0.1475E+00     0.3140E-02     0.0000E+00     0.1882E-01     0.0000E+00     0.5458E+05     0.4385E+05     0.5458E+05     0.1990E-04
   365    12    31  1997       3       0  cha3                 0.1003E+00     0.3611E-01     0.1003E+00     0.4466E+00     0.7782E-04     0.6115E+01     0.3891E-04     0.0000E+00     0.1654E-06     0.2026E+00     0.5913E+01     0.0000E+00     0.1292E+01     0.1977E+00     0.5260E-02     0.5515E-02     0.8225E+00     0.0000E+00     0.2567E+05     0.9236E+04     0.2567E+05     0.4007E-02
   365    12    31  1997       4       0  cha4                 0.6625E-01     0.6423E-01     0.6625E-01     0.2792E+00     0.1710E+01     0.8853E+00     0.8548E+00     0.0000E+00     0.8347E+00     0.0000E+00     0.3053E-01     0.0000E+00     0.1495E+01     0.2098E+00     0.1700E-02     0.0000E+00     0.3200E-02     0.0000E+00     0.1121E+05     0.1087E+05     0.1121E+05     0.9721E-03
   365    12    31  1997       5       0  cha5                 0.2527E+00     0.6610E-01     0.2527E+00     0.8022E+00     0.7286E+01     0.4870E+01     0.3643E+01     0.0000E+00     0.3627E+01     0.0000E+00     0.1227E+01     0.0000E+00     0.2222E+01     0.2667E+00     0.1020E-02     0.0000E+00     0.6082E-01     0.0000E+00     0.1386E+05     0.3624E+04     0.1386E+05     0.3187E-02
   365    12    31  1997       6       0  cha6                 0.2896E+00     0.1967E-01     0.2896E+00     0.7749E+00     0.6775E+01     0.4804E+01     0.3388E+01     0.0000E+00     0.2772E+01     0.0000E+00     0.1417E+01     0.0000E+00     0.2569E+01     0.2911E+00     0.8800E-03     0.0000E+00     0.5287E-01     0.0000E+00     0.1051E+05     0.7142E+03     0.1051E+05     0.1366E-02
   365    12    31  1998       1       0  cha1                 0.3772E-01     0.3614E-01     0.3772E-01     0.1631E+00     0.1528E+01     0.1537E+01     0.7641E+00     0.0000E+00     0.7634E+00     0.0000E+00     0.7728E+00     0.0000E+00     0.1405E+01     0.2021E+00     0.1220E-02     0.0000E+00     0.9125E-01     0.0000E+00     0.7608E+04     0.7288E+04     0.7608E+04     0.6967E-03
   365    12    31  1998       2       0  cha2                 0.1158E+00     0.9391E-01     0.1158E+00     0.5589E+00     0.1774E-01     0.2357E+00     0.8871E-02     0.0000E+00     0.8865E-02     0.0000E+00     0.2269E+00     0.0000E+00     0.8353E+00     0.1475E+00     0.3140E-02     0.0000E+00     0.7411E-01     0.0000E+00     0.1023E+06     0.8298E+05     0.1023E+06     0.9255E-04
   365    12    31  1998       3       0  cha3                 0.1894E+00     0.6259E-01     0.1894E+00     0.8432E+00     0.7068E+01     0.7519E+01     0.3534E+01     0.0000E+00     0.3534E+01     0.3929E+00     0.3592E+01     0.0000E+00     0.1292E+01     0.2084E+00     0.5260E-02     0.1070E-01     0.4724E+00     0.0000E+00     0.4845E+05     0.1601E+05     0.4845E+05     0.2431E-02
   365    12    31  1998       4       0  cha4                 0.1333E+00     0.1222E+00     0.1333E+00     0.5620E+00     0.1445E+02     0.7276E+01     0.7225E+01     0.0000E+00     0.7214E+01     0.0000E+00     0.5089E-01     0.0000E+00     0.1495E+01     0.2098E+00     0.1700E-02     0.0000E+00     0.5352E-02     0.0000E+00     0.2256E+05     0.2068E+05     0.2256E+05     0.1982E-02
   365    12    31  1998       5       0  cha5                 0.4674E+00     0.1069E+00     0.4674E+00     0.1484E+01     0.1681E+02     0.8607E+01     0.8407E+01     0.0000E+00     0.8390E+01     0.0000E+00     0.1998E+00     0.0000E+00     0.2222E+01     0.2667E+00     0.1020E-02     0.0000E+00     0.9859E-02     0.0000E+00     0.2563E+05     0.5860E+04     0.2563E+05     0.1383E-02
   365    12    31  1998       6       0  cha6                 0.5368E+00     0.3143E-01     0.5368E+00     0.1436E+01     0.1179E+02     0.6168E+01     0.5896E+01     0.0000E+00     0.5784E+01     0.0000E+00     0.2720E+00     0.0000E+00     0.2569E+01     0.2911E+00     0.8800E-03     0.0000E+00     0.1010E-01     0.0000E+00     0.1949E+05     0.1141E+04     0.1949E+05     0.4263E-03
   365    12    31  1999       1       0  cha1                 0.2357E-01     0.2247E-01     0.2357E-01     0.1019E+00     0.5102E+00     0.5467E+00     0.2551E+00     0.0000E+00     0.2523E+00     0.0000E+00     0.2916E+00     0.0000E+00     0.1405E+01     0.2021E+00     0.1220E-02     0.0000E+00     0.3478E-01     0.0000E+00     0.4754E+04     0.4531E+04     0.4754E+04     0.3335E-03
   365    12    31  1999       2       0  cha2                 0.7866E-01     0.6356E-01     0.7866E-01     0.3797E+00     0.9950E-04     0.7365E-01     0.4975E-04     0.0000E+00     0.4909E-04     0.0000E+00     0.7360E-01     0.0000E+00     0.8353E+00     0.1475E+00     0.3140E-02     0.0000E+00     0.2351E-01     0.0000E+00     0.6950E+05     0.5616E+05     0.6950E+05     0.2604E-04
   365    12    31  1999       3       0  cha3                 0.1269E+00     0.4455E-01     0.1269E+00     0.5649E+00     0.4568E-01     0.3523E+01     0.2284E-01     0.0000E+00     0.2280E-01     0.1845E+00     0.3316E+01     0.0000E+00     0.1292E+01     0.2134E+00     0.5260E-02     0.5021E-02     0.4210E+00     0.0000E+00     0.3247E+05     0.1140E+05     0.3247E+05     0.2292E-02
   365    12    31  1999       4       0  cha4                 0.8464E-01     0.8142E-01     0.8464E-01     0.3567E+00     0.2771E+01     0.1416E+01     0.1385E+01     0.0000E+00     0.1375E+01     0.0000E+00     0.3086E-01     0.0000E+00     0.1495E+01     0.2098E+00     0.1700E-02     0.0000E+00     0.3263E-02     0.0000E+00     0.1432E+05     0.1377E+05     0.1432E+05     0.8083E-03
   365    12    31  1999       5       0  cha5                 0.3177E+00     0.8229E-01     0.3177E+00     0.1008E+01     0.5494E+01     0.4159E+01     0.2747E+01     0.0000E+00     0.2735E+01     0.0000E+00     0.1412E+01     0.0000E+00     0.2222E+01     0.2667E+00     0.1020E-02     0.0000E+00     0.7003E-01     0.0000E+00     0.1742E+05     0.4512E+04     0.1742E+05     0.3092E-02
   365    12    31  1999       6       0  cha6                 0.3658E+00     0.2441E-01     0.3658E+00     0.9789E+00     0.6006E+01     0.4686E+01     0.3003E+01     0.0000E+00     0.2294E+01     0.0000E+00     0.1683E+01     0.0000E+00     0.2569E+01     0.2911E+00     0.8800E-03     0.0000E+00     0.6280E-01     0.0000E+00     0.1328E+05     0.8861E+03     0.1328E+05     0.1497E-02
   366    12    31  2000       1       0  cha1                 0.2064E-01     0.2018E-01     0.2066E-01     0.8924E-01     0.1303E-02     0.3548E+00     0.6515E-03     0.0000E+00     0.6459E-03     0.0000E+00     0.3542E+00     0.0000E+00     0.1405E+01     0.2021E+00     0.1220E-02     0.0000E+00     0.4178E-01     0.0000E+00     0.4174E+04     0.4081E+04     0.4179E+04     0.2874E-03
   366    12    31  2000       2       0  cha2                 0.6245E-01     0.5228E-01     0.6246E-01     0.3015E+00     0.5420E-06     0.5855E-01     0.2710E-06     0.0000E+00     0.1555E-06     0.0000E+00     0.5855E-01     0.0000E+00     0.8353E+00     0.1475E+00     0.3140E-02     0.0000E+00     0.1941E-01     0.0000E+00     0.5533E+05     0.4632E+05     0.5534E+05     0.2563E-04
   366    12    31  2000       3       0  cha3                 0.9924E-01     0.3465E-01     0.9928E-01     0.4417E+00     0.1939E-01     0.1875E+01     0.9695E-02     0.0000E+00     0.9640E-02     0.1993E+00     0.1666E+01     0.0000E+00     0.1292E+01     0.2188E+00     0.5260E-02     0.5425E-02     0.2050E+00     0.0000E+00     0.2546E+05     0.8887E+04     0.2546E+05     0.1029E-02
   366    12    31  2000       4       0  cha4                 0.6396E-01     0.6220E-01     0.6396E-01     0.2695E+00     0.1921E+01     0.1131E+01     0.9605E+00     0.0000E+00     0.9605E+00     0.0000E+00     0.1707E+00     0.0000E+00     0.1495E+01     0.2098E+00     0.1700E-02     0.0000E+00     0.1788E-01     0.0000E+00     0.1085E+05     0.1055E+05     0.1085E+05     0.7426E-03
   366    12    31  2000       5       0  cha5                 0.2593E+00     0.7854E-01     0.2593E+00     0.8232E+00     0.3216E+01     0.4156E+01     0.1608E+01     0.0000E+00     0.1545E+01     0.0000E+00     0.2548E+01     0.0000E+00     0.2222E+01     0.2667E+00     0.1020E-02     0.0000E+00     0.1259E+00     0.0000E+00     0.1426E+05     0.4318E+04     0.1426E+05     0.4051E-02
   366    12    31  2000       6       0  cha6                 0.3032E+00     0.2309E-01     0.3032E+00     0.8113E+00     0.4828E+01     0.5534E+01     0.2414E+01     0.0000E+00     0.1069E+01     0.0000E+00     0.3120E+01     0.0000E+00     0.2569E+01     0.2911E+00     0.8800E-03     0.0000E+00     0.1160E+00     0.0000E+00     0.1104E+05     0.8404E+03     0.1104E+05     0.2043E-02
   365    12    31  2001       1       0  cha1                 0.2854E-01     0.2751E-01     0.2851E-01     0.1234E+00     0.1455E-01     0.6543E+00     0.7273E-02     0.0000E+00     0.6624E-02     0.0000E+00     0.6470E+00     0.0000E+00     0.1405E+01     0.2021E+00     0.1220E-02     0.0000E+00     0.7675E-01     0.0000E+00     0.5756E+04     0.5548E+04     0.5751E+04     0.5222E-03
   365    12    31  2001       2       0  cha2                 0.1075E+00     0.8682E-01     0.1075E+00     0.5191E+00     0.5405E-06     0.1912E+00     0.2702E-06     0.0000E+00     0.2295E-07     0.0000E+00     0.1912E+00     0.0000E+00     0.8353E+00     0.1475E+00     0.3140E-02     0.0000E+00     0.6209E-01     0.0000E+00     0.9500E+05     0.7671E+05     0.9499E+05     0.7472E-04
   365    12    31  2001       3       0  cha3                 0.1747E+00     0.6084E-01     0.1746E+00     0.7774E+00     0.1870E+01     0.7105E+01     0.9352E+00     0.0000E+00     0.8583E+00     0.1893E+00     0.5980E+01     0.0000E+00     0.1292E+01     0.2240E+00     0.5260E-02     0.5154E-02     0.7363E+00     0.0000E+00     0.4468E+05     0.1556E+05     0.4467E+05     0.4291E-02
   365    12    31  2001       4       0  cha4                 0.1157E+00     0.1114E+00     0.1157E+00     0.4876E+00     0.4434E+01     0.2288E+01     0.2217E+01     0.0000E+00     0.2196E+01     0.0000E+00     0.7110E-01     0.0000E+00     0.1495E+01     0.2098E+00     0.1700E-02     0.0000E+00     0.7488E-02     0.0000E+00     0.1957E+05     0.1884E+05     0.1957E+05     0.1306E-02
   365    12    31  2001       5       0  cha5                 0.4211E+00     0.9594E-01     0.4211E+00     0.1337E+01     0.1009E+02     0.5070E+01     0.5045E+01     0.0000E+00     0.5028E+01     0.0000E+00     0.2559E-01     0.0000E+00     0.2222E+01     0.2667E+00     0.1020E-02     0.0000E+00     0.1265E-02     0.0000E+00     0.2309E+05     0.5261E+04     0.2309E+05     0.1446E-02
   365    12    31  2001       6       0  cha6                 0.4781E+00     0.2823E-01     0.4781E+00     0.1279E+01     0.7204E+01     0.3688E+01     0.3602E+01     0.0000E+00     0.3566E+01     0.0000E+00     0.8621E-01     0.0000E+00     0.2569E+01     0.2911E+00     0.8800E-03     0.0000E+00     0.3177E-02     0.0000E+00     0.1736E+05     0.1025E+04     0.1736E+05     0.3656E-03
   365    12    31  2002       1       0  cha1                 0.2477E-01     0.2340E-01     0.2480E-01     0.1071E+00     0.1348E+01     0.8652E+00     0.6740E+00     0.0000E+00     0.6740E+00     0.0000E+00     0.1911E+00     0.0000E+00     0.1405E+01     0.2021E+00     0.1220E-02     0.0000E+00     0.2287E-01     0.0000E+00     0.4997E+04     0.4720E+04     0.5002E+04     0.3350E-03
   365    12    31  2002       2       0  cha2                 0.8193E-01     0.6570E-01     0.8193E-01     0.3955E+00     0.3127E-01     0.3316E+00     0.1564E-01     0.0000E+00     0.1563E-01     0.0000E+00     0.3160E+00     0.0000E+00     0.8353E+00     0.1475E+00     0.3140E-02     0.0000E+00     0.1034E+00     0.0000E+00     0.7239E+05     0.5805E+05     0.7239E+05     0.1313E-03
   365    12    31  2002       3       0  cha3                 0.1423E+00     0.4982E-01     0.1423E+00     0.6334E+00     0.2838E+00     0.3686E+01     0.1419E+00     0.0000E+00     0.1418E+00     0.5934E-01     0.3485E+01     0.0000E+00     0.1292E+01     0.2256E+00     0.5260E-02     0.1615E-02     0.4193E+00     0.0000E+00     0.3640E+05     0.1274E+05     0.3640E+05     0.2536E-02
   365    12    31  2002       4       0  cha4                 0.1052E+00     0.9566E-01     0.1052E+00     0.4434E+00     0.4019E+01     0.2190E+01     0.2010E+01     0.0000E+00     0.1990E+01     0.0000E+00     0.1801E+00     0.0000E+00     0.1495E+01     0.2098E+00     0.1700E-02     0.0000E+00     0.1888E-01     0.0000E+00     0.1780E+05     0.1618E+05     0.1780E+05     0.9616E-03
   365    12    31  2002       5       0  cha5                 0.3624E+00     0.8914E-01     0.3624E+00     0.1150E+01     0.8149E+01     0.5214E+01     0.4075E+01     0.0000E+00     0.4043E+01     0.0000E+00     0.1139E+01     0.0000E+00     0.2222E+01     0.2667E+00     0.1020E-02     0.0000E+00     0.5676E-01     0.0000E+00     0.1987E+05     0.4888E+04     0.1987E+05     0.3132E-02
   365    12    31  2002       6       0  cha6                 0.4137E+00     0.2635E-01     0.4137E+00     0.1107E+01     0.7332E+01     0.5120E+01     0.3666E+01     0.0000E+00     0.3056E+01     0.0000E+00     0.1454E+01     0.0000E+00     0.2569E+01     0.2911E+00     0.8800E-03     0.0000E+00     0.5438E-01     0.0000E+00     0.1502E+05     0.9566E+03     0.1502E+05     0.1481E-02
   365    12    31  2003       1       0  cha1                 0.3879E-02     0.3567E-02     0.3859E-02     0.1677E-01     0.9545E-01     0.3210E+00     0.4773E-01     0.0000E+00     0.4135E-01     0.0000E+00     0.2733E+00     0.0000E+00     0.1405E+01     0.2021E+00     0.1220E-02     0.0000E+00     0.3264E-01     0.0000E+00     0.7823E+03     0.7195E+03     0.7783E+03     0.3462E-03
   365    12    31  2003       2       0  cha2                 0.2290E-01     0.1729E-01     0.2290E-01     0.1105E+00     0.5405E-06     0.1521E+00     0.2702E-06     0.0000E+00     0.1881E-06     0.0000E+00     0.1521E+00     0.0000E+00     0.8353E+00     0.1475E+00     0.3140E-02     0.0000E+00     0.4967E-01     0.0000E+00     0.2023E+05     0.1528E+05     0.2023E+05     0.6160E-04
   365    12    31  2003       3       0  cha3                 0.4052E-01     0.1692E-01     0.4051E-01     0.1804E+00     0.2665E-04     0.3968E+01     0.1332E-04     0.0000E+00     0.3171E-06     0.1648E-01     0.3952E+01     0.0000E+00     0.1292E+01     0.2261E+00     0.5260E-02     0.4487E-03     0.4754E+00     0.0000E+00     0.1036E+05     0.4327E+04     0.1036E+05     0.2863E-02
   365    12    31  2003       4       0  cha4                 0.3542E-01     0.3417E-01     0.3542E-01     0.1493E+00     0.1014E+01     0.6079E+00     0.5069E+00     0.0000E+00     0.5022E+00     0.0000E+00     0.1010E+00     0.0000E+00     0.1495E+01     0.2098E+00     0.1700E-02     0.0000E+00     0.1060E-01     0.0000E+00     0.5993E+04     0.5780E+04     0.5993E+04     0.5239E-03
   365    12    31  2003       5       0  cha5                 0.1334E+00     0.4603E-01     0.1334E+00     0.4235E+00     0.4899E+01     0.4804E+01     0.2449E+01     0.0000E+00     0.2386E+01     0.0000E+00     0.2355E+01     0.0000E+00     0.2222E+01     0.2667E+00     0.1020E-02     0.0000E+00     0.1173E+00     0.0000E+00     0.7314E+04     0.2524E+04     0.7314E+04     0.5442E-02
   365    12    31  2003       6       0  cha6                 0.1510E+00     0.1364E-01     0.1510E+00     0.4040E+00     0.6129E+01     0.5755E+01     0.3065E+01     0.0000E+00     0.1881E+01     0.0000E+00     0.2691E+01     0.0000E+00     0.2569E+01     0.2911E+00     0.8800E-03     0.0000E+00     0.1007E+00     0.0000E+00     0.5482E+04     0.4950E+03     0.5482E+04     0.2631E-02
   366    12    31  2004       1       0  cha1                 0.2217E-01     0.2104E-01     0.2217E-01     0.9588E-01     0.9522E+00     0.1106E+01     0.4761E+00     0.0000E+00     0.4574E+00     0.0000E+00     0.6297E+00     0.0000E+00     0.1405E+01     0.2021E+00     0.1220E-02     0.0000E+00     0.7485E-01     0.0000E+00     0.4484E+04     0.4254E+04     0.4483E+04     0.8516E-03
   366    12    31  2004       2       0  cha2                 0.7409E-01     0.5975E-01     0.7409E-01     0.3577E+00     0.2108E-01     0.2601E+00     0.1054E-01     0.0000E+00     0.1053E-01     0.0000E+00     0.2495E+00     0.0000E+00     0.8353E+00     0.1475E+00     0.3140E-02     0.0000E+00     0.8236E-01     0.0000E+00     0.6565E+05     0.5294E+05     0.6565E+05     0.1072E-03
   366    12    31  2004       3       0  cha3                 0.1215E+00     0.3996E-01     0.1215E+00     0.5410E+00     0.2848E+00     0.4607E+01     0.1424E+00     0.0000E+00     0.1423E+00     0.2540E+00     0.4211E+01     0.0000E+00     0.1292E+01     0.2330E+00     0.5260E-02     0.6916E-02     0.4946E+00     0.0000E+00     0.3117E+05     0.1025E+05     0.3117E+05     0.2760E-02
   366    12    31  2004       4       0  cha4                 0.7948E-01     0.7517E-01     0.7948E-01     0.3350E+00     0.2737E+01     0.1622E+01     0.1368E+01     0.0000E+00     0.1361E+01     0.0000E+00     0.2534E+00     0.0000E+00     0.1495E+01     0.2098E+00     0.1700E-02     0.0000E+00     0.2666E-01     0.0000E+00     0.1348E+05     0.1275E+05     0.1348E+05     0.1141E-02
   366    12    31  2004       5       0  cha5                 0.3075E+00     0.8020E-01     0.3075E+00     0.9762E+00     0.7303E+01     0.5079E+01     0.3651E+01     0.0000E+00     0.3542E+01     0.0000E+00     0.1427E+01     0.0000E+00     0.2222E+01     0.2667E+00     0.1020E-02     0.0000E+00     0.7009E-01     0.0000E+00     0.1691E+05     0.4409E+04     0.1691E+05     0.2663E-02
   366    12    31  2004       6       0  cha6                 0.3536E+00     0.2364E-01     0.3536E+00     0.9462E+00     0.8566E+01     0.5971E+01     0.4283E+01     0.0000E+00     0.3496E+01     0.0000E+00     0.1688E+01     0.0000E+00     0.2569E+01     0.2911E+00     0.8800E-03     0.0000E+00     0.6248E-01     0.0000E+00     0.1287E+05     0.8608E+03     0.1287E+05     0.1176E-02
   365    12    31  2005       1       0  cha1                 0.1904E-01     0.1738E-01     0.1906E-01     0.8232E-01     0.4160E+01     0.2505E+01     0.2080E+01     0.0000E+00     0.2080E+01     0.0000E+00     0.4248E+00     0.0000E+00     0.1405E+01     0.2021E+00     0.1220E-02     0.0000E+00     0.5024E-01     0.0000E+00     0.3840E+04     0.3504E+04     0.3844E+04     0.5637E-03
   365    12    31  2005       2       0  cha2                 0.5368E-01     0.4520E-01     0.5368E-01     0.2592E+00     0.2704E-01     0.1503E+00     0.1352E-01     0.0000E+00     0.1352E-01     0.0000E+00     0.1368E+00     0.0000E+00     0.8353E+00     0.1475E+00     0.3140E-02     0.0000E+00     0.4491E-01     0.0000E+00     0.4743E+05     0.3994E+05     0.4743E+05     0.5777E-04
   365    12    31  2005       3       0  cha3                 0.9048E-01     0.3029E-01     0.9049E-01     0.4028E+00     0.3466E+00     0.2715E+01     0.1733E+00     0.0000E+00     0.1732E+00     0.2203E+00     0.2321E+01     0.0000E+00     0.1292E+01     0.2390E+00     0.5260E-02     0.5997E-02     0.2623E+00     0.0000E+00     0.2315E+05     0.7749E+04     0.2315E+05     0.1402E-02
   365    12    31  2005       4       0  cha4                 0.6184E-01     0.5889E-01     0.6184E-01     0.2606E+00     0.2189E+01     0.1496E+01     0.1095E+01     0.0000E+00     0.1085E+01     0.0000E+00     0.4016E+00     0.0000E+00     0.1495E+01     0.2098E+00     0.1700E-02     0.0000E+00     0.4209E-01     0.0000E+00     0.1046E+05     0.9963E+04     0.1046E+05     0.1069E-02
   365    12    31  2005       5       0  cha5                 0.2387E+00     0.6974E-01     0.2387E+00     0.7577E+00     0.4993E+01     0.4562E+01     0.2497E+01     0.0000E+00     0.2356E+01     0.0000E+00     0.2065E+01     0.0000E+00     0.2222E+01     0.2667E+00     0.1020E-02     0.0000E+00     0.1018E+00     0.0000E+00     0.1309E+05     0.3824E+04     0.1309E+05     0.3692E-02
   365    12    31  2005       6       0  cha6                 0.2797E+00     0.2165E-01     0.2797E+00     0.7484E+00     0.9542E+01     0.7536E+01     0.4771E+01     0.0000E+00     0.3618E+01     0.0000E+00     0.2765E+01     0.0000E+00     0.2569E+01     0.2911E+00     0.8800E-03     0.0000E+00     0.1026E+00     0.0000E+00     0.1016E+05     0.7860E+03     0.1016E+05     0.1832E-02
   365    12    31  2006       1       0  cha1                 0.2511E-03     0.0000E+00     0.2518E-03     0.1086E-02     0.2240E-02     0.1120E-02     0.1120E-02     0.0000E+00     0.1120E-02     0.0000E+00     0.0000E+00     0.0000E+00     0.1405E+01     0.2021E+00     0.1220E-02     0.0000E+00     0.0000E+00     0.0000E+00     0.5065E+02     0.0000E+00     0.5079E+02     0.2054E-04
   365    12    31  2006       2       0  cha2                 0.1698E-01     0.1243E-01     0.1698E-01     0.8198E-01     0.5405E-06     0.3086E+00     0.2702E-06     0.0000E+00     0.1792E-06     0.0000E+00     0.3086E+00     0.0000E+00     0.8353E+00     0.1475E+00     0.3140E-02     0.0000E+00     0.1013E+00     0.0000E+00     0.1500E+05     0.1099E+05     0.1500E+05     0.1286E-03
   365    12    31  2006       3       0  cha3                 0.3504E-01     0.1788E-01     0.3504E-01     0.1560E+00     0.1831E-04     0.5015E+01     0.9157E-05     0.0000E+00     0.2884E-06     0.0000E+00     0.5015E+01     0.0000E+00     0.1292E+01     0.2390E+00     0.5260E-02     0.0000E+00     0.5723E+00     0.0000E+00     0.8963E+04     0.4575E+04     0.8963E+04     0.3859E-02
   365    12    31  2006       4       0  cha4                 0.4465E-01     0.4399E-01     0.4465E-01     0.1882E+00     0.8960E-01     0.2760E+00     0.4480E-01     0.0000E+00     0.4451E-01     0.0000E+00     0.2312E+00     0.0000E+00     0.1495E+01     0.2098E+00     0.1700E-02     0.0000E+00     0.2423E-01     0.0000E+00     0.7554E+04     0.7442E+04     0.7554E+04     0.3842E-03
   365    12    31  2006       5       0  cha5                 0.1391E+00     0.4938E-01     0.1391E+00     0.4417E+00     0.5372E+01     0.4363E+01     0.2686E+01     0.0000E+00     0.2610E+01     0.0000E+00     0.1677E+01     0.0000E+00     0.2222E+01     0.2667E+00     0.1020E-02     0.0000E+00     0.8336E-01     0.0000E+00     0.7629E+04     0.2707E+04     0.7629E+04     0.4114E-02
   365    12    31  2006       6       0  cha6                 0.1541E+00     0.1471E-01     0.1541E+00     0.4124E+00     0.4456E+01     0.4387E+01     0.2228E+01     0.0000E+00     0.1327E+01     0.0000E+00     0.2159E+01     0.0000E+00     0.2569E+01     0.2911E+00     0.8800E-03     0.0000E+00     0.8060E-01     0.0000E+00     0.5596E+04     0.5339E+03     0.5596E+04     0.1932E-02
   365    12    31  2007       1       0  cha1                 0.2015E-01     0.1889E-01     0.2013E-01     0.8712E-01     0.1827E+01     0.1405E+01     0.9134E+00     0.0000E+00     0.9132E+00     0.0000E+00     0.4917E+00     0.0000E+00     0.1405E+01     0.2021E+00     0.1220E-02     0.0000E+00     0.5842E-01     0.0000E+00     0.4064E+04     0.3810E+04     0.4059E+04     0.5798E-03
   365    12    31  2007       2       0  cha2                 0.6725E-01     0.5258E-01     0.6725E-01     0.3247E+00     0.5405E-06     0.4871E+00     0.2702E-06     0.0000E+00     0.9477E-07     0.0000E+00     0.4871E+00     0.0000E+00     0.8353E+00     0.1475E+00     0.3140E-02     0.0000E+00     0.1587E+00     0.0000E+00     0.5942E+05     0.4646E+05     0.5942E+05     0.1976E-03
   365    12    31  2007       3       0  cha3                 0.1088E+00     0.3571E-01     0.1088E+00     0.4845E+00     0.3020E+00     0.3565E+01     0.1510E+00     0.0000E+00     0.1480E+00     0.1249E+00     0.3289E+01     0.0000E+00     0.1292E+01     0.2424E+00     0.5260E-02     0.3400E-02     0.3676E+00     0.0000E+00     0.2784E+05     0.9135E+04     0.2784E+05     0.2194E-02
   365    12    31  2007       4       0  cha4                 0.8825E-01     0.8402E-01     0.8825E-01     0.3719E+00     0.1901E+01     0.2108E+01     0.9505E+00     0.0000E+00     0.9451E+00     0.0000E+00     0.1158E+01     0.0000E+00     0.1495E+01     0.2098E+00     0.1700E-02     0.0000E+00     0.1215E+00     0.0000E+00     0.1493E+05     0.1421E+05     0.1493E+05     0.1521E-02
   365    12    31  2007       5       0  cha5                 0.2969E+00     0.7771E-01     0.2969E+00     0.9425E+00     0.6529E+01     0.4156E+01     0.3265E+01     0.0000E+00     0.3023E+01     0.0000E+00     0.8917E+00     0.0000E+00     0.2222E+01     0.2667E+00     0.1020E-02     0.0000E+00     0.4359E-01     0.0000E+00     0.1628E+05     0.4261E+04     0.1628E+05     0.1967E-02
   365    12    31  2007       6       0  cha6                 0.3401E+00     0.2285E-01     0.3401E+00     0.9100E+00     0.7124E+01     0.5470E+01     0.3562E+01     0.0000E+00     0.2863E+01     0.0000E+00     0.1908E+01     0.0000E+00     0.2569E+01     0.2911E+00     0.8800E-03     0.0000E+00     0.7026E-01     0.0000E+00     0.1235E+05     0.8297E+03     0.1235E+05     0.9626E-03
   366    12    31  2008       1       0  cha1                 0.1642E-01     0.1595E-01     0.1642E-01     0.7101E-01     0.2276E-02     0.6517E+00     0.1138E-02     0.0000E+00     0.9516E-03     0.0000E+00     0.6506E+00     0.0000E+00     0.1405E+01     0.2021E+00     0.1220E-02     0.0000E+00     0.7740E-01     0.0000E+00     0.3321E+04     0.3225E+04     0.3321E+04     0.5848E-03
   366    12    31  2008       2       0  cha2                 0.5481E-01     0.4512E-01     0.5481E-01     0.2646E+00     0.5420E-06     0.1191E+00     0.2710E-06     0.0000E+00     0.1325E-06     0.0000E+00     0.1191E+00     0.0000E+00     0.8353E+00     0.1475E+00     0.3140E-02     0.0000E+00     0.3835E-01     0.0000E+00     0.4856E+05     0.3998E+05     0.4856E+05     0.4573E-04
   366    12    31  2008       3       0  cha3                 0.8640E-01     0.3075E-01     0.8640E-01     0.3846E+00     0.4861E-04     0.4502E+01     0.2431E-04     0.0000E+00     0.2556E-06     0.1657E+00     0.4337E+01     0.0000E+00     0.1292E+01     0.2469E+00     0.5260E-02     0.4511E-02     0.4783E+00     0.0000E+00     0.2216E+05     0.7888E+04     0.2216E+05     0.2860E-02
   366    12    31  2008       4       0  cha4                 0.5621E-01     0.5462E-01     0.5621E-01     0.2369E+00     0.5164E+00     0.2786E+00     0.2582E+00     0.0000E+00     0.2581E+00     0.0000E+00     0.2046E-01     0.0000E+00     0.1495E+01     0.2098E+00     0.1700E-02     0.0000E+00     0.2149E-02     0.0000E+00     0.9536E+04     0.9267E+04     0.9536E+04     0.1767E-03
   366    12    31  2008       5       0  cha5                 0.2227E+00     0.6293E-01     0.2227E+00     0.7069E+00     0.4911E+01     0.4554E+01     0.2456E+01     0.0000E+00     0.2448E+01     0.0000E+00     0.2099E+01     0.0000E+00     0.2222E+01     0.2667E+00     0.1020E-02     0.0000E+00     0.1045E+00     0.0000E+00     0.1224E+05     0.3460E+04     0.1224E+05     0.4660E-02
   366    12    31  2008       6       0  cha6                 0.2577E+00     0.1849E-01     0.2577E+00     0.6895E+00     0.5335E+01     0.5084E+01     0.2668E+01     0.0000E+00     0.1616E+01     0.0000E+00     0.2416E+01     0.0000E+00     0.2569E+01     0.2911E+00     0.8800E-03     0.0000E+00     0.9047E-01     0.0000E+00     0.9381E+04     0.6730E+03     0.9381E+04     0.2310E-02
   365    12    31  2009       1       0  cha1                 0.5363E-02     0.5114E-02     0.5387E-02     0.2319E-01     0.4585E-02     0.4039E+00     0.2292E-02     0.0000E+00     0.2292E-02     0.0000E+00     0.4016E+00     0.0000E+00     0.1405E+01     0.2021E+00     0.1220E-02     0.0000E+00     0.4804E-01     0.0000E+00     0.1082E+04     0.1032E+04     0.1086E+04     0.4440E-03
   365    12    31  2009       2       0  cha2                 0.3842E-01     0.3196E-01     0.3842E-01     0.1855E+00     0.5405E-06     0.2500E+00     0.2702E-06     0.0000E+00     0.1222E-06     0.0000E+00     0.2500E+00     0.0000E+00     0.8353E+00     0.1475E+00     0.3140E-02     0.0000E+00     0.8249E-01     0.0000E+00     0.3394E+05     0.2824E+05     0.3394E+05     0.1073E-03
   365    12    31  2009       3       0  cha3                 0.6495E-01     0.2432E-01     0.6494E-01     0.2891E+00     0.4823E-04     0.6178E+01     0.2411E-04     0.0000E+00     0.2351E-06     0.9928E-02     0.6168E+01     0.0000E+00     0.1292E+01     0.2472E+00     0.5260E-02     0.2703E-03     0.6788E+00     0.0000E+00     0.1661E+05     0.6220E+04     0.1661E+05     0.4483E-02
   365    12    31  2009       4       0  cha4                 0.4709E-01     0.4604E-01     0.4709E-01     0.1985E+00     0.4218E+00     0.2514E+00     0.2109E+00     0.0000E+00     0.2109E+00     0.0000E+00     0.4049E-01     0.0000E+00     0.1495E+01     0.2098E+00     0.1700E-02     0.0000E+00     0.4243E-02     0.0000E+00     0.7967E+04     0.7790E+04     0.7967E+04     0.2674E-03
   365    12    31  2009       5       0  cha5                 0.1791E+00     0.5413E-01     0.1791E+00     0.5686E+00     0.6505E+01     0.5040E+01     0.3253E+01     0.0000E+00     0.3242E+01     0.0000E+00     0.1788E+01     0.0000E+00     0.2222E+01     0.2667E+00     0.1020E-02     0.0000E+00     0.8876E-01     0.0000E+00     0.9821E+04     0.2968E+04     0.9821E+04     0.4246E-02
   365    12    31  2009       6       0  cha6                 0.2006E+00     0.1599E-01     0.2006E+00     0.5367E+00     0.5724E+01     0.5013E+01     0.2862E+01     0.0000E+00     0.1954E+01     0.0000E+00     0.2151E+01     0.0000E+00     0.2569E+01     0.2911E+00     0.8800E-03     0.0000E+00     0.8035E-01     0.0000E+00     0.7282E+04     0.5805E+03     0.7282E+04     0.1948E-02
   365    12    31  2010       1       0  cha1                 0.1265E-01     0.1194E-01     0.1263E-01     0.5471E-01     0.9993E-01     0.6951E+00     0.4997E-01     0.0000E+00     0.4394E-01     0.0000E+00     0.6451E+00     0.0000E+00     0.1405E+01     0.2021E+00     0.1220E-02     0.0000E+00     0.7688E-01     0.0000E+00     0.2552E+04     0.2407E+04     0.2547E+04     0.6220E-03
   365    12    31  2010       2       0  cha2                 0.5821E-01     0.4616E-01     0.5821E-01     0.2810E+00     0.5292E-02     0.2700E+00     0.2646E-02     0.0000E+00     0.3389E-03     0.0000E+00     0.2674E+00     0.0000E+00     0.8353E+00     0.1475E+00     0.3140E-02     0.0000E+00     0.8857E-01     0.0000E+00     0.5143E+05     0.4079E+05     0.5143E+05     0.1172E-03
   365    12    31  2010       3       0  cha3                 0.9366E-01     0.3367E-01     0.9366E-01     0.4169E+00     0.6881E-04     0.7550E+01     0.3440E-04     0.0000E+00     0.1763E-06     0.1973E+00     0.7353E+01     0.0000E+00     0.1292E+01     0.2525E+00     0.5260E-02     0.5372E-02     0.8024E+00     0.0000E+00     0.2396E+05     0.8613E+04     0.2396E+05     0.5107E-02
   365    12    31  2010       4       0  cha4                 0.7195E-01     0.6995E-01     0.7195E-01     0.3032E+00     0.2236E+01     0.1289E+01     0.1118E+01     0.0000E+00     0.1088E+01     0.0000E+00     0.1707E+00     0.0000E+00     0.1495E+01     0.2098E+00     0.1700E-02     0.0000E+00     0.1791E-01     0.0000E+00     0.1217E+05     0.1184E+05     0.1217E+05     0.1529E-02
   365    12    31  2010       5       0  cha5                 0.2542E+00     0.6723E-01     0.2542E+00     0.8068E+00     0.9114E+01     0.5221E+01     0.4557E+01     0.0000E+00     0.4487E+01     0.0000E+00     0.6637E+00     0.0000E+00     0.2222E+01     0.2667E+00     0.1020E-02     0.0000E+00     0.3272E-01     0.0000E+00     0.1394E+05     0.3686E+04     0.1394E+05     0.2550E-02
   365    12    31  2010       6       0  cha6                 0.2867E+00     0.1982E-01     0.2867E+00     0.7672E+00     0.6946E+01     0.4517E+01     0.3473E+01     0.0000E+00     0.3025E+01     0.0000E+00     0.1044E+01     0.0000E+00     0.2569E+01     0.2911E+00     0.8800E-03     0.0000E+00     0.3866E-01     0.0000E+00     0.1041E+05     0.7195E+03     0.1041E+05     0.9452E-03
   365    12    31  2011       1       0  cha1                 0.1483E-01     0.1384E-01     0.1486E-01     0.6414E-01     0.8135E+00     0.7584E+00     0.4067E+00     0.0000E+00     0.4004E+00     0.0000E+00     0.3516E+00     0.0000E+00     0.1405E+01     0.2021E+00     0.1220E-02     0.0000E+00     0.4169E-01     0.0000E+00     0.2992E+04     0.2791E+04     0.2997E+04     0.4509E-03
   365    12    31  2011       2       0  cha2                 0.4415E-01     0.3595E-01     0.4416E-01     0.2132E+00     0.8811E-02     0.2219E+00     0.4406E-02     0.0000E+00     0.4403E-02     0.0000E+00     0.2175E+00     0.0000E+00     0.8353E+00     0.1475E+00     0.3140E-02     0.0000E+00     0.7156E-01     0.0000E+00     0.3901E+05     0.3177E+05     0.3902E+05     0.9163E-04
   365    12    31  2011       3       0  cha3                 0.7369E-01     0.2480E-01     0.7369E-01     0.3280E+00     0.1501E+00     0.2500E+01     0.7507E-01     0.0000E+00     0.6913E-01     0.1596E+00     0.2266E+01     0.0000E+00     0.1292E+01     0.2569E+00     0.5260E-02     0.4345E-02     0.2377E+00     0.0000E+00     0.1885E+05     0.6343E+04     0.1885E+05     0.1382E-02
   365    12    31  2011       4       0  cha4                 0.5217E-01     0.4991E-01     0.5217E-01     0.2199E+00     0.2244E+01     0.1578E+01     0.1122E+01     0.0000E+00     0.1122E+01     0.0000E+00     0.4566E+00     0.0000E+00     0.1495E+01     0.2098E+00     0.1700E-02     0.0000E+00     0.4810E-01     0.0000E+00     0.8826E+04     0.8445E+04     0.8826E+04     0.1115E-02
   365    12    31  2011       5       0  cha5                 0.2075E+00     0.6758E-01     0.2075E+00     0.6586E+00     0.4950E+01     0.5338E+01     0.2475E+01     0.0000E+00     0.2252E+01     0.0000E+00     0.2864E+01     0.0000E+00     0.2222E+01     0.2667E+00     0.1020E-02     0.0000E+00     0.1411E+00     0.0000E+00     0.1138E+05     0.3705E+04     0.1138E+05     0.4542E-02
   365    12    31  2011       6       0  cha6                 0.2424E+00     0.1985E-01     0.2424E+00     0.6486E+00     0.8031E+01     0.7386E+01     0.4015E+01     0.0000E+00     0.2459E+01     0.0000E+00     0.3370E+01     0.0000E+00     0.2569E+01     0.2911E+00     0.8800E-03     0.0000E+00     0.1251E+00     0.0000E+00     0.8800E+04     0.7207E+03     0.8800E+04     0.2290E-02
   366    12    31  2012       1       0  cha1                 0.1531E-01     0.1479E-01     0.1529E-01     0.6622E-01     0.1624E-01     0.1011E+01     0.8122E-02     0.0000E+00     0.8599E-03     0.0000E+00     0.1003E+01     0.0000E+00     0.1405E+01     0.2021E+00     0.1220E-02     0.0000E+00     0.1191E+00     0.0000E+00     0.3097E+04     0.2991E+04     0.3092E+04     0.8274E-03
   366    12    31  2012       2       0  cha2                 0.5772E-01     0.4716E-01     0.5772E-01     0.2787E+00     0.5420E-06     0.2423E+00     0.2710E-06     0.0000E+00     0.8959E-07     0.0000E+00     0.2423E+00     0.0000E+00     0.8353E+00     0.1475E+00     0.3140E-02     0.0000E+00     0.7893E-01     0.0000E+00     0.5114E+05     0.4179E+05     0.5114E+05     0.9679E-04
   366    12    31  2012       3       0  cha3                 0.9004E-01     0.3238E-01     0.9004E-01     0.4008E+00     0.5499E-04     0.7347E+01     0.2750E-04     0.0000E+00     0.1995E-06     0.1951E+00     0.7152E+01     0.0000E+00     0.1292E+01     0.2622E+00     0.5260E-02     0.5310E-02     0.7419E+00     0.0000E+00     0.2310E+05     0.8305E+04     0.2310E+05     0.4787E-02
   366    12    31  2012       4       0  cha4                 0.6958E-01     0.6777E-01     0.6958E-01     0.2933E+00     0.1087E+01     0.1065E+01     0.5437E+00     0.0000E+00     0.5437E+00     0.0000E+00     0.5215E+00     0.0000E+00     0.1495E+01     0.2098E+00     0.1700E-02     0.0000E+00     0.5463E-01     0.0000E+00     0.1180E+05     0.1150E+05     0.1180E+05     0.8428E-03
   366    12    31  2012       5       0  cha5                 0.2438E+00     0.6524E-01     0.2438E+00     0.7740E+00     0.8656E+01     0.5210E+01     0.4328E+01     0.0000E+00     0.4250E+01     0.0000E+00     0.8822E+00     0.0000E+00     0.2222E+01     0.2667E+00     0.1020E-02     0.0000E+00     0.4359E-01     0.0000E+00     0.1341E+05     0.3587E+04     0.1341E+05     0.2741E-02
   366    12    31  2012       6       0  cha6                 0.2785E+00     0.1926E-01     0.2785E+00     0.7452E+00     0.7011E+01     0.4982E+01     0.3506E+01     0.0000E+00     0.2957E+01     0.0000E+00     0.1477E+01     0.0000E+00     0.2569E+01     0.2911E+00     0.8800E-03     0.0000E+00     0.5471E-01     0.0000E+00     0.1014E+05     0.7013E+03     0.1014E+05     0.1129E-02
   365    12    31  2013       1       0  cha1                 0.1102E-01     0.1067E-01     0.1105E-01     0.4766E-01     0.3364E-01     0.6325E+00     0.1682E-01     0.0000E+00     0.1069E-01     0.0000E+00     0.6157E+00     0.0000E+00     0.1405E+01     0.2021E+00     0.1220E-02     0.0000E+00     0.7266E-01     0.0000E+00     0.2223E+04     0.2152E+04     0.2228E+04     0.4608E-03
   365    12    31  2013       2       0  cha2                 0.3820E-01     0.3061E-01     0.3821E-01     0.1844E+00     0.5405E-06     0.2509E+00     0.2702E-06     0.0000E+00     0.1592E-06     0.0000E+00     0.2509E+00     0.0000E+00     0.8353E+00     0.1475E+00     0.3140E-02     0.0000E+00     0.8353E-01     0.0000E+00     0.3375E+05     0.2704E+05     0.3376E+05     0.1125E-03
   365    12    31  2013       3       0  cha3                 0.6314E-01     0.2241E-01     0.6314E-01     0.2810E+00     0.3874E-04     0.4571E+01     0.1937E-04     0.0000E+00     0.3171E-06     0.2720E+00     0.4299E+01     0.0000E+00     0.1292E+01     0.2696E+00     0.5260E-02     0.7405E-02     0.4316E+00     0.0000E+00     0.1615E+05     0.5731E+04     0.1615E+05     0.2692E-02
   365    12    31  2013       4       0  cha4                 0.4875E-01     0.4759E-01     0.4875E-01     0.2055E+00     0.5595E+00     0.7941E+00     0.2797E+00     0.0000E+00     0.2696E+00     0.0000E+00     0.5144E+00     0.0000E+00     0.1495E+01     0.2098E+00     0.1700E-02     0.0000E+00     0.5403E-01     0.0000E+00     0.8248E+04     0.8051E+04     0.8248E+04     0.9479E-03
   365    12    31  2013       5       0  cha5                 0.1859E+00     0.6062E-01     0.1859E+00     0.5902E+00     0.5537E+01     0.5212E+01     0.2768E+01     0.0000E+00     0.2600E+01     0.0000E+00     0.2443E+01     0.0000E+00     0.2222E+01     0.2667E+00     0.1020E-02     0.0000E+00     0.1207E+00     0.0000E+00     0.1019E+05     0.3324E+04     0.1019E+05     0.4519E-02
   365    12    31  2013       6       0  cha6                 0.2149E+00     0.1782E-01     0.2149E+00     0.5750E+00     0.6394E+01     0.6336E+01     0.3197E+01     0.0000E+00     0.1819E+01     0.0000E+00     0.3139E+01     0.0000E+00     0.2569E+01     0.2911E+00     0.8800E-03     0.0000E+00     0.1166E+00     0.0000E+00     0.7802E+04     0.6471E+03     0.7802E+04     0.2204E-02
   365    12    31  2014       1       0  cha1                 0.4488E-03     0.3633E-03     0.4481E-03     0.1941E-02     0.7756E-03     0.3247E-01     0.3878E-03     0.0000E+00     0.3878E-03     0.0000E+00     0.3208E-01     0.0000E+00     0.1405E+01     0.2021E+00     0.1220E-02     0.0000E+00     0.3857E-02     0.0000E+00     0.9052E+02     0.7328E+02     0.9038E+02     0.6875E-04
   365    12    31  2014       2       0  cha2                 0.1159E-01     0.8898E-02     0.1159E-01     0.5597E-01     0.5405E-06     0.1910E+00     0.2702E-06     0.0000E+00     0.2147E-06     0.0000E+00     0.1910E+00     0.0000E+00     0.8353E+00     0.1475E+00     0.3140E-02     0.0000E+00     0.6293E-01     0.0000E+00     0.1024E+05     0.7862E+04     0.1024E+05     0.8233E-04
   365    12    31  2014       3       0  cha3                 0.1926E-01     0.8514E-02     0.1929E-01     0.8571E-01     0.1305E-04     0.2556E+01     0.6527E-05     0.0000E+00     0.4018E-06     0.0000E+00     0.2556E+01     0.0000E+00     0.1292E+01     0.2696E+00     0.5260E-02     0.0000E+00     0.2582E+00     0.0000E+00     0.4926E+04     0.2178E+04     0.4934E+04     0.1948E-02
   365    12    31  2014       4       0  cha4                 0.2819E-01     0.2769E-01     0.2824E-01     0.1188E+00     0.6007E-01     0.3030E-01     0.3003E-01     0.0000E+00     0.3003E-01     0.0000E+00     0.2719E-03     0.0000E+00     0.1495E+01     0.2098E+00     0.1700E-02     0.0000E+00     0.2998E-04     0.0000E+00     0.4769E+04     0.4684E+04     0.4777E+04     0.9768E-04
   365    12    31  2014       5       0  cha5                 0.8427E-01     0.3130E-01     0.8427E-01     0.2675E+00     0.2622E+01     0.2449E+01     0.1311E+01     0.0000E+00     0.1289E+01     0.0000E+00     0.1139E+01     0.0000E+00     0.2222E+01     0.2667E+00     0.1020E-02     0.0000E+00     0.5679E-01     0.0000E+00     0.4621E+04     0.1716E+04     0.4621E+04     0.2785E-02
   365    12    31  2014       6       0  cha6                 0.1001E+00     0.1540E-01     0.1001E+00     0.2680E+00     0.2503E+01     0.2823E+01     0.1251E+01     0.0000E+00     0.6905E+00     0.0000E+00     0.1571E+01     0.0000E+00     0.2569E+01     0.2911E+00     0.8800E-03     0.0000E+00     0.5896E-01     0.0000E+00     0.3636E+04     0.5590E+03     0.3636E+04     0.1573E-02
   365    12    31  2015       1       0  cha1                 0.2069E-02     0.1802E-02     0.2066E-02     0.8946E-02     0.1197E-02     0.1543E+00     0.5984E-03     0.0000E+00     0.5983E-03     0.0000E+00     0.1537E+00     0.0000E+00     0.1405E+01     0.2021E+00     0.1220E-02     0.0000E+00     0.1845E-01     0.0000E+00     0.4173E+03     0.3635E+03     0.4166E+03     0.1821E-03
   365    12    31  2015       2       0  cha2                 0.2207E-01     0.1773E-01     0.2206E-01     0.1065E+00     0.5405E-06     0.1312E+00     0.2702E-06     0.0000E+00     0.1829E-06     0.0000E+00     0.1312E+00     0.0000E+00     0.8353E+00     0.1475E+00     0.3140E-02     0.0000E+00     0.4242E-01     0.0000E+00     0.1950E+05     0.1566E+05     0.1949E+05     0.4963E-04
   365    12    31  2015       3       0  cha3                 0.3884E-01     0.1532E-01     0.3881E-01     0.1729E+00     0.3010E-04     0.4571E+01     0.1505E-04     0.0000E+00     0.3225E-06     0.0000E+00     0.4571E+01     0.0000E+00     0.1292E+01     0.2696E+00     0.5260E-02     0.0000E+00     0.4621E+00     0.0000E+00     0.9936E+04     0.3920E+04     0.9927E+04     0.3395E-02
   365    12    31  2015       4       0  cha4                 0.3686E-01     0.3630E-01     0.3682E-01     0.1554E+00     0.3097E+00     0.3256E+00     0.1549E+00     0.0000E+00     0.1548E+00     0.0000E+00     0.1708E+00     0.0000E+00     0.1495E+01     0.2098E+00     0.1700E-02     0.0000E+00     0.1790E-01     0.0000E+00     0.6237E+04     0.6141E+04     0.6229E+04     0.2519E-03
   365    12    31  2015       5       0  cha5                 0.1253E+00     0.3903E-01     0.1253E+00     0.3977E+00     0.4965E+01     0.3615E+01     0.2483E+01     0.0000E+00     0.2475E+01     0.0000E+00     0.1132E+01     0.0000E+00     0.2222E+01     0.2667E+00     0.1020E-02     0.0000E+00     0.5646E-01     0.0000E+00     0.6869E+04     0.2140E+04     0.6869E+04     0.3185E-02
   365    12    31  2015       6       0  cha6                 0.1425E+00     0.1510E-01     0.1425E+00     0.3812E+00     0.3871E+01     0.3574E+01     0.1935E+01     0.0000E+00     0.1375E+01     0.0000E+00     0.1639E+01     0.0000E+00     0.2569E+01     0.2911E+00     0.8800E-03     0.0000E+00     0.6131E-01     0.0000E+00     0.5173E+04     0.5482E+03     0.5173E+04     0.1600E-02
   366    12    31  2016       1       0  cha1                 0.6899E-02     0.6461E-02     0.6876E-02     0.2983E-01     0.9691E-01     0.5303E+00     0.4846E-01     0.0000E+00     0.4217E-01     0.0000E+00     0.4819E+00     0.0000E+00     0.1405E+01     0.2021E+00     0.1220E-02     0.0000E+00     0.5749E-01     0.0000E+00     0.1395E+04     0.1307E+04     0.1391E+04     0.5246E-03
   366    12    31  2016       2       0  cha2                 0.3922E-01     0.2923E-01     0.3922E-01     0.1893E+00     0.5420E-06     0.3663E+00     0.2710E-06     0.0000E+00     0.1192E-06     0.0000E+00     0.3663E+00     0.0000E+00     0.8353E+00     0.1475E+00     0.3140E-02     0.0000E+00     0.1193E+00     0.0000E+00     0.3475E+05     0.2590E+05     0.3475E+05     0.1459E-03
   366    12    31  2016       3       0  cha3                 0.6355E-01     0.2294E-01     0.6354E-01     0.2829E+00     0.4430E-03     0.6226E+01     0.2215E-03     0.0000E+00     0.1962E-03     0.4275E-01     0.6183E+01     0.0000E+00     0.1292E+01     0.2708E+00     0.5260E-02     0.1164E-02     0.6226E+00     0.0000E+00     0.1630E+05     0.5883E+04     0.1630E+05     0.4438E-02
   366    12    31  2016       4       0  cha4                 0.6155E-01     0.5996E-01     0.6155E-01     0.2594E+00     0.1993E+01     0.1278E+01     0.9965E+00     0.0000E+00     0.9936E+00     0.0000E+00     0.2810E+00     0.0000E+00     0.1495E+01     0.2098E+00     0.1700E-02     0.0000E+00     0.2949E-01     0.0000E+00     0.1044E+05     0.1017E+05     0.1044E+05     0.1094E-02
   366    12    31  2016       5       0  cha5                 0.2007E+00     0.5927E-01     0.2007E+00     0.6372E+00     0.7809E+01     0.4780E+01     0.3904E+01     0.0000E+00     0.3864E+01     0.0000E+00     0.8755E+00     0.0000E+00     0.2222E+01     0.2667E+00     0.1020E-02     0.0000E+00     0.4335E-01     0.0000E+00     0.1104E+05     0.3259E+04     0.1104E+05     0.2754E-02
   366    12    31  2016       6       0  cha6                 0.2253E+00     0.1759E-01     0.2253E+00     0.6029E+00     0.6053E+01     0.4254E+01     0.3027E+01     0.0000E+00     0.2518E+01     0.0000E+00     0.1228E+01     0.0000E+00     0.2569E+01     0.2911E+00     0.8800E-03     0.0000E+00     0.4561E-01     0.0000E+00     0.8202E+04     0.6404E+03     0.8202E+04     0.1102E-02
   365    12    31  2017       1       0  cha1                 0.3139E-01     0.3047E-01     0.3139E-01     0.1357E+00     0.5134E-02     0.9776E+00     0.2567E-02     0.0000E+00     0.1677E-02     0.0000E+00     0.9750E+00     0.0000E+00     0.1405E+01     0.2021E+00     0.1220E-02     0.0000E+00     0.1158E+00     0.0000E+00     0.6332E+04     0.6145E+04     0.6332E+04     0.7962E-03
   365    12    31  2017       2       0  cha2                 0.1035E+00     0.8127E-01     0.1035E+00     0.4999E+00     0.5405E-06     0.2120E+00     0.2702E-06     0.0000E+00     0.5405E-07     0.0000E+00     0.2120E+00     0.0000E+00     0.8353E+00     0.1475E+00     0.3140E-02     0.0000E+00     0.6871E-01     0.0000E+00     0.9149E+05     0.7181E+05     0.9149E+05     0.8217E-04
   365    12    31  2017       3       0  cha3                 0.1636E+00     0.5434E-01     0.1636E+00     0.7282E+00     0.7237E+00     0.6868E+01     0.3619E+00     0.0000E+00     0.3617E+00     0.2932E+00     0.6213E+01     0.0000E+00     0.1292E+01     0.2787E+00     0.5260E-02     0.7982E-02     0.6085E+00     0.0000E+00     0.4185E+05     0.1390E+05     0.4185E+05     0.4005E-02
   365    12    31  2017       4       0  cha4                 0.1063E+00     0.1012E+00     0.1063E+00     0.4480E+00     0.4545E+01     0.2556E+01     0.2272E+01     0.0000E+00     0.2262E+01     0.0000E+00     0.2836E+00     0.0000E+00     0.1495E+01     0.2098E+00     0.1700E-02     0.0000E+00     0.2989E-01     0.0000E+00     0.1799E+05     0.1713E+05     0.1799E+05     0.1283E-02
   365    12    31  2017       5       0  cha5                 0.3981E+00     0.9564E-01     0.3981E+00     0.1264E+01     0.9872E+01     0.5819E+01     0.4936E+01     0.0000E+00     0.4801E+01     0.0000E+00     0.8834E+00     0.0000E+00     0.2222E+01     0.2667E+00     0.1020E-02     0.0000E+00     0.4321E-01     0.0000E+00     0.2183E+05     0.5244E+04     0.2183E+05     0.2184E-02
   365    12    31  2017       6       0  cha6                 0.4578E+00     0.2817E-01     0.4578E+00     0.1225E+01     0.7424E+01     0.4773E+01     0.3712E+01     0.0000E+00     0.3192E+01     0.0000E+00     0.1062E+01     0.0000E+00     0.2569E+01     0.2911E+00     0.8800E-03     0.0000E+00     0.3921E-01     0.0000E+00     0.1662E+05     0.1023E+04     0.1662E+05     0.7828E-03
   365    12    31  2018       1       0  cha1                 0.1311E-01     0.1292E-01     0.1314E-01     0.5669E-01     0.1781E-02     0.1127E+00     0.8907E-03     0.0000E+00     0.8905E-03     0.0000E+00     0.1118E+00     0.0000E+00     0.1405E+01     0.2021E+00     0.1220E-02     0.0000E+00     0.1318E-01     0.0000E+00     0.2644E+04     0.2606E+04     0.2650E+04     0.1169E-03
   365    12    31  2018       2       0  cha2                 0.4177E-01     0.3623E-01     0.4178E-01     0.2016E+00     0.5405E-06     0.1527E+00     0.2702E-06     0.0000E+00     0.1851E-06     0.0000E+00     0.1527E+00     0.0000E+00     0.8353E+00     0.1475E+00     0.3140E-02     0.0000E+00     0.5024E-01     0.0000E+00     0.3691E+05     0.3202E+05     0.3691E+05     0.6516E-04
   365    12    31  2018       3       0  cha3                 0.7074E-01     0.2782E-01     0.7078E-01     0.3149E+00     0.1953E-04     0.2596E+01     0.9765E-05     0.0000E+00     0.3280E-06     0.7812E-01     0.2518E+01     0.0000E+00     0.1292E+01     0.2809E+00     0.5260E-02     0.2127E-02     0.2430E+00     0.0000E+00     0.1810E+05     0.7115E+04     0.1811E+05     0.1833E-02
   365    12    31  2018       4       0  cha4                 0.5535E-01     0.5439E-01     0.5539E-01     0.2333E+00     0.4083E+00     0.3449E+00     0.2042E+00     0.0000E+00     0.2041E+00     0.0000E+00     0.1407E+00     0.0000E+00     0.1495E+01     0.2098E+00     0.1700E-02     0.0000E+00     0.1475E-01     0.0000E+00     0.9364E+04     0.9202E+04     0.9372E+04     0.3695E-03
   365    12    31  2018       5       0  cha5                 0.1894E+00     0.5442E-01     0.1894E+00     0.6011E+00     0.3010E+01     0.2508E+01     0.1505E+01     0.0000E+00     0.1455E+01     0.0000E+00     0.1003E+01     0.0000E+00     0.2222E+01     0.2667E+00     0.1020E-02     0.0000E+00     0.4987E-01     0.0000E+00     0.1038E+05     0.2984E+04     0.1038E+05     0.2392E-02
   365    12    31  2018       6       0  cha6                 0.2228E+00     0.2023E-01     0.2228E+00     0.5962E+00     0.2683E+01     0.2934E+01     0.1342E+01     0.0000E+00     0.8523E+00     0.0000E+00     0.1592E+01     0.0000E+00     0.2569E+01     0.2911E+00     0.8800E-03     0.0000E+00     0.5953E-01     0.0000E+00     0.8089E+04     0.7344E+03     0.8089E+04     0.1392E-02
   365    12    31  2019       1       0  cha1                 0.5841E-02     0.5432E-02     0.5814E-02     0.2525E-01     0.2522E-02     0.3942E+00     0.1261E-02     0.0000E+00     0.1192E-02     0.0000E+00     0.3930E+00     0.0000E+00     0.1405E+01     0.2021E+00     0.1220E-02     0.0000E+00     0.4684E-01     0.0000E+00     0.1178E+04     0.1096E+04     0.1173E+04     0.3882E-03
   365    12    31  2019       2       0  cha2                 0.3128E-01     0.2503E-01     0.3127E-01     0.1510E+00     0.5405E-06     0.2271E+00     0.2702E-06     0.0000E+00     0.1555E-06     0.0000E+00     0.2271E+00     0.0000E+00     0.8353E+00     0.1475E+00     0.3140E-02     0.0000E+00     0.7529E-01     0.0000E+00     0.2764E+05     0.2212E+05     0.2763E+05     0.9894E-04
   365    12    31  2019       3       0  cha3                 0.5430E-01     0.2216E-01     0.5426E-01     0.2417E+00     0.3277E-04     0.6343E+01     0.1639E-04     0.0000E+00     0.2651E-06     0.4851E-01     0.6295E+01     0.0000E+00     0.1292E+01     0.2822E+00     0.5260E-02     0.1321E-02     0.6070E+00     0.0000E+00     0.1389E+05     0.5670E+04     0.1388E+05     0.4541E-02
   365    12    31  2019       4       0  cha4                 0.4593E-01     0.4516E-01     0.4588E-01     0.1936E+00     0.1268E+00     0.2244E+00     0.6338E-01     0.0000E+00     0.6336E-01     0.0000E+00     0.1610E+00     0.0000E+00     0.1495E+01     0.2098E+00     0.1700E-02     0.0000E+00     0.1688E-01     0.0000E+00     0.7771E+04     0.7641E+04     0.7762E+04     0.2316E-03
   365    12    31  2019       5       0  cha5                 0.1639E+00     0.4890E-01     0.1639E+00     0.5201E+00     0.6784E+01     0.4729E+01     0.3392E+01     0.0000E+00     0.3346E+01     0.0000E+00     0.1337E+01     0.0000E+00     0.2222E+01     0.2667E+00     0.1020E-02     0.0000E+00     0.6658E-01     0.0000E+00     0.8984E+04     0.2681E+04     0.8984E+04     0.3862E-02
   365    12    31  2019       6       0  cha6                 0.1855E+00     0.1575E-01     0.1855E+00     0.4963E+00     0.5231E+01     0.4329E+01     0.2615E+01     0.0000E+00     0.1940E+01     0.0000E+00     0.1713E+01     0.0000E+00     0.2569E+01     0.2911E+00     0.8800E-03     0.0000E+00     0.6409E-01     0.0000E+00     0.6734E+04     0.5717E+03     0.6734E+04     0.1741E-02
   366    12    31  2020       1       0  cha1                 0.1484E-01     0.1453E-01     0.1487E-01     0.6419E-01     0.1485E-02     0.4292E+00     0.7427E-03     0.0000E+00     0.6561E-03     0.0000E+00     0.4285E+00     0.0000E+00     0.1405E+01     0.2021E+00     0.1220E-02     0.0000E+00     0.5091E-01     0.0000E+00     0.3002E+04     0.2938E+04     0.3008E+04     0.4049E-03
   366    12    31  2020       2       0  cha2                 0.4649E-01     0.3932E-01     0.4649E-01     0.2244E+00     0.5420E-06     0.7199E-01     0.2710E-06     0.0000E+00     0.1651E-06     0.0000E+00     0.7199E-01     0.0000E+00     0.8353E+00     0.1475E+00     0.3140E-02     0.0000E+00     0.2407E-01     0.0000E+00     0.4119E+05     0.3484E+05     0.4119E+05     0.3268E-04
   366    12    31  2020       3       0  cha3                 0.7338E-01     0.2605E-01     0.7342E-01     0.3267E+00     0.1073E+00     0.3104E+01     0.5366E-01     0.0000E+00     0.5363E-01     0.1158E+00     0.2934E+01     0.0000E+00     0.1292E+01     0.2853E+00     0.5260E-02     0.3152E-02     0.2783E+00     0.0000E+00     0.1882E+05     0.6683E+04     0.1883E+05     0.1950E-02
   366    12    31  2020       4       0  cha4                 0.4633E-01     0.4505E-01     0.4634E-01     0.1953E+00     0.8518E+00     0.4363E+00     0.4259E+00     0.0000E+00     0.4259E+00     0.0000E+00     0.1041E-01     0.0000E+00     0.1495E+01     0.2098E+00     0.1700E-02     0.0000E+00     0.1099E-02     0.0000E+00     0.7860E+04     0.7643E+04     0.7862E+04     0.3158E-03
   366    12    31  2020       5       0  cha5                 0.1948E+00     0.6120E-01     0.1948E+00     0.6184E+00     0.3655E+01     0.4676E+01     0.1828E+01     0.0000E+00     0.1811E+01     0.0000E+00     0.2849E+01     0.0000E+00     0.2222E+01     0.2667E+00     0.1020E-02     0.0000E+00     0.1416E+00     0.0000E+00     0.1071E+05     0.3365E+04     0.1071E+05     0.5551E-02
   366    12    31  2020       6       0  cha6                 0.2278E+00     0.1800E-01     0.2278E+00     0.6094E+00     0.5219E+01     0.5832E+01     0.2609E+01     0.0000E+00     0.1189E+01     0.0000E+00     0.3223E+01     0.0000E+00     0.2569E+01     0.2911E+00     0.8800E-03     0.0000E+00     0.1205E+00     0.0000E+00     0.8292E+04     0.6552E+03     0.8292E+04     0.2812E-02
   365    12    31  2021       1       0  cha1                 0.2042E-02     0.1811E-02     0.2042E-02     0.8831E-02     0.2967E-01     0.1685E+00     0.1483E-01     0.0000E+00     0.1483E-01     0.0000E+00     0.1537E+00     0.0000E+00     0.1405E+01     0.2021E+00     0.1220E-02     0.0000E+00     0.1844E-01     0.0000E+00     0.4119E+03     0.3652E+03     0.4118E+03     0.2360E-03
   365    12    31  2021       2       0  cha2                 0.2044E-01     0.1648E-01     0.2044E-01     0.9866E-01     0.5405E-06     0.9152E-01     0.2702E-06     0.0000E+00     0.1925E-06     0.0000E+00     0.9152E-01     0.0000E+00     0.8353E+00     0.1475E+00     0.3140E-02     0.0000E+00     0.3012E-01     0.0000E+00     0.1806E+05     0.1456E+05     0.1806E+05     0.3775E-04
   365    12    31  2021       3       0  cha3                 0.3449E-01     0.1308E-01     0.3449E-01     0.1535E+00     0.2433E-04     0.3976E+01     0.1217E-04     0.0000E+00     0.3526E-06     0.0000E+00     0.3976E+01     0.0000E+00     0.1292E+01     0.2853E+00     0.5260E-02     0.0000E+00     0.3792E+00     0.0000E+00     0.8823E+04     0.3346E+04     0.8823E+04     0.2961E-02
   365    12    31  2021       4       0  cha4                 0.3580E-01     0.3498E-01     0.3578E-01     0.1509E+00     0.7301E+00     0.5157E+00     0.3650E+00     0.0000E+00     0.3650E+00     0.0000E+00     0.1507E+00     0.0000E+00     0.1495E+01     0.2098E+00     0.1700E-02     0.0000E+00     0.1579E-01     0.0000E+00     0.6056E+04     0.5919E+04     0.6054E+04     0.3311E-03
   365    12    31  2021       5       0  cha5                 0.1211E+00     0.4141E-01     0.1211E+00     0.3845E+00     0.4772E+01     0.3961E+01     0.2386E+01     0.0000E+00     0.2308E+01     0.0000E+00     0.1575E+01     0.0000E+00     0.2222E+01     0.2667E+00     0.1020E-02     0.0000E+00     0.7848E-01     0.0000E+00     0.6641E+04     0.2271E+04     0.6641E+04     0.4136E-02
   365    12    31  2021       6       0  cha6                 0.1377E+00     0.1449E-01     0.1377E+00     0.3686E+00     0.4818E+01     0.4485E+01     0.2409E+01     0.0000E+00     0.1587E+01     0.0000E+00     0.2076E+01     0.0000E+00     0.2569E+01     0.2911E+00     0.8800E-03     0.0000E+00     0.7775E-01     0.0000E+00     0.5001E+04     0.5262E+03     0.5001E+04     0.2108E-02
