 Mini_CREATE               SWAT+ Jan 11 2024        MODULAR Rev 2024.61.0                                 
       year     plant_no   plant_name       harv_area(ha)    yld(t)         yld(t/ha)      
        2021           1 frsd              0.0000000E+00  0.0000000E+00  0.0000000E+00
        2021           2 frse              0.0000000E+00  0.0000000E+00  0.0000000E+00
        2021           3 frst              0.0000000E+00  0.0000000E+00  0.0000000E+00
        2021           4 orcd               2.044613      0.5298957      0.2591667    
        2021           5 rnge               17.16345      0.0000000E+00  0.0000000E+00
        2021           6 wetl              0.0000000E+00  0.0000000E+00  0.0000000E+00
        2021           7 fesc               798.4664       368.7044      0.4617657    
        2021           8 lupn               148.2538       111.9840      0.7553532    
        2021           9 oats               146.4310       358.8248       2.450469    
        2021          10 barl               85.30756       239.8170       2.811205    
        2021          11 fpea               64.83719       235.7959       3.636738    
        2021          12 pota               211.2215       877.4974       4.154395    
        2021          13 buck               19.18501       27.70583       1.444139    
        2021          14 canp               240.4069       722.3424       3.004666    
        2021          15 wwht               238.6516       455.8886       1.910269    
        2021          16 rye                98.66875       386.3108       3.915230    
        2021          17 trit               130.1385       630.2974       4.843280    
        2021          18 csil               15.83224       128.2712       8.101895    
        2021          19 lmix              0.0000000E+00  0.0000000E+00  0.0000000E+00
