 Mini_CREATE               SWAT+ Jan 11 2024        MODULAR Rev 2024.61.0                                 
       year     plant_no   plant_name       harv_area(ha)    yld(t)         yld(t/ha)      
        1995           1 frsd              0.0000000E+00  0.0000000E+00  0.0000000E+00
        1995           2 frse              0.0000000E+00  0.0000000E+00  0.0000000E+00
        1995           3 frst              0.0000000E+00  0.0000000E+00  0.0000000E+00
        1995           4 orcd               1.975940      7.4511997E-02  3.7709627E-02
        1995           5 rnge               16.58698      0.0000000E+00  0.0000000E+00
        1995           6 wetl              0.0000000E+00  0.0000000E+00  0.0000000E+00
        1995           7 fesc               564.3674       179.2466      0.3176062    
        1995           8 lupn               166.7163       156.3073      0.9375650    
        1995           9 oats               74.50557       248.8535       3.340066    
        1995          10 barl               36.47241       170.3347       4.670235    
        1995          11 fpea               85.49305       487.5761       5.703108    
        1995          12 pota               256.7287       1756.937       6.843556    
        1995          13 buck               8.182180       13.03843       1.593516    
        1995          14 canp               59.04479       245.9561       4.165585    
        1995          15 wwht               406.5341       1412.212       3.473784    
        1995          16 rye                111.4482       772.3448       6.930079    
        1995          17 trit               215.2103       1998.359       9.285611    
        1995          18 csil               31.12765       310.8237       9.985452    
        1995          19 lmix              0.0000000E+00  0.0000000E+00  0.0000000E+00
        1996           1 frsd              0.0000000E+00  0.0000000E+00  0.0000000E+00
        1996           2 frse              0.0000000E+00  0.0000000E+00  0.0000000E+00
        1996           3 frst              0.0000000E+00  0.0000000E+00  0.0000000E+00
        1996           4 orcd               1.975940      0.2456058      0.1242982    
        1996           5 rnge               16.58698      0.0000000E+00  0.0000000E+00
        1996           6 wetl              0.0000000E+00  0.0000000E+00  0.0000000E+00
        1996           7 fesc               698.8046       436.8752      0.6251751    
        1996           8 lupn               172.3726       87.65090      0.5084966    
        1996           9 oats               95.95760       243.9379       2.542143    
        1996          10 barl               122.1565       274.7208       2.248924    
        1996          11 fpea               73.09443       298.9741       4.090245    
        1996          12 pota               108.4921       99.27352      0.9150301    
        1996          13 buck               24.60551       28.58157       1.161592    
        1996          14 canp               405.8141       1151.033       2.836355    
        1996          15 wwht               186.2945       173.1364      0.9293696    
        1996          16 rye                100.6520       404.4995       4.018792    
        1996          17 trit               87.42445       480.5181       5.496381    
        1996          18 csil               8.496810       66.93129       7.877225    
        1996          19 lmix              0.0000000E+00  0.0000000E+00  0.0000000E+00
        1997           1 frsd              0.0000000E+00  0.0000000E+00  0.0000000E+00
        1997           2 frse              0.0000000E+00  0.0000000E+00  0.0000000E+00
        1997           3 frst              0.0000000E+00  0.0000000E+00  0.0000000E+00
        1997           4 orcd               1.975940      0.3079114      0.1558303    
        1997           5 rnge               16.58698      0.0000000E+00  0.0000000E+00
        1997           6 wetl              0.0000000E+00  0.0000000E+00  0.0000000E+00
        1997           7 fesc               964.4236       478.9300      0.4965971    
        1997           8 lupn               197.4043       160.7746      0.8144434    
        1997           9 oats               157.4410       400.8655       2.546132    
        1997          10 barl               154.4239       121.6809      0.7879670    
        1997          11 fpea               5.198920       26.80264       5.155424    
        1997          12 pota               260.0756       904.4686       3.477714    
        1997          13 buck               9.106939       12.18627       1.338130    
        1997          14 canp               298.7375       637.9183       2.135381    
        1997          15 wwht               67.65368       138.9981       2.054553    
        1997          16 rye                68.76182       235.3342       3.422455    
        1997          17 trit               30.39439       155.6055       5.119546    
        1997          18 csil               8.512751       76.29848       8.962846    
        1997          19 lmix              0.0000000E+00  0.0000000E+00  0.0000000E+00
        1998           1 frsd              0.0000000E+00  0.0000000E+00  0.0000000E+00
        1998           2 frse              0.0000000E+00  0.0000000E+00  0.0000000E+00
        1998           3 frst              0.0000000E+00  0.0000000E+00  0.0000000E+00
        1998           4 orcd               1.975940      0.3657721      0.1851129    
        1998           5 rnge               16.58698      0.0000000E+00  0.0000000E+00
        1998           6 wetl              0.0000000E+00  0.0000000E+00  0.0000000E+00
        1998           7 fesc               1064.598       668.1340      0.6275925    
        1998           8 lupn               107.4853       77.18220      0.7180722    
        1998           9 oats               141.1176       311.7316       2.209019    
        1998          10 barl               54.54786       171.7887       3.149320    
        1998          11 fpea               115.0552       64.07920      0.5569434    
        1998          12 pota               132.7863       493.1121       3.713576    
        1998          13 buck               18.13002       22.48977       1.240471    
        1998          14 canp               73.50422       401.2120       5.458354    
        1998          15 wwht               421.5922       258.0910      0.6121817    
        1998          16 rye                38.27672       110.9036       2.897418    
        1998          17 trit               87.85533       415.8816       4.733709    
        1998          18 csil               20.42340       146.9889       7.197082    
        1998          19 lmix              0.0000000E+00  0.0000000E+00  0.0000000E+00
        1999           1 frsd              0.0000000E+00  0.0000000E+00  0.0000000E+00
        1999           2 frse              0.0000000E+00  0.0000000E+00  0.0000000E+00
        1999           3 frst              0.0000000E+00  0.0000000E+00  0.0000000E+00
        1999           4 orcd               1.975940      0.3441071      0.1741485    
        1999           5 rnge               16.58698      0.0000000E+00  0.0000000E+00
        1999           6 wetl              0.0000000E+00  0.0000000E+00  0.0000000E+00
        1999           7 fesc               622.0728       91.33618      0.1468256    
        1999           8 lupn               61.88545       41.40947      0.6691310    
        1999           9 oats               261.0549       378.4466       1.449682    
        1999          10 barl               45.86216       162.7337       3.548322    
        1999          11 fpea               27.80220       27.33213      0.9830922    
        1999          12 pota               271.1597       860.4172       3.173101    
        1999          13 buck               33.53731       38.55425       1.149593    
        1999          14 canp               324.5222       322.5936      0.9940571    
        1999          15 wwht               44.79409       94.59740       2.111828    
        1999          16 rye                153.3569       347.1547       2.263704    
        1999          17 trit               197.7336       853.9022       4.318447    
        1999          18 csil               6.137110       55.28440       9.008213    
        1999          19 lmix              0.0000000E+00  0.0000000E+00  0.0000000E+00
        2000           1 frsd              0.0000000E+00  0.0000000E+00  0.0000000E+00
        2000           2 frse              0.0000000E+00  0.0000000E+00  0.0000000E+00
        2000           3 frst              0.0000000E+00  0.0000000E+00  0.0000000E+00
        2000           4 orcd               1.975940      0.3831969      0.1939314    
        2000           5 rnge               16.58698      0.0000000E+00  0.0000000E+00
        2000           6 wetl              0.0000000E+00  0.0000000E+00  0.0000000E+00
        2000           7 fesc               564.3674       54.03633      9.5746726E-02
        2000           8 lupn               166.7163       134.9465      0.8094379    
        2000           9 oats               74.50558       193.4969       2.597079    
        2000          10 barl               36.47241       146.5020       4.016789    
        2000          11 fpea               85.49305       424.0475       4.960023    
        2000          12 pota               256.7287       1478.351       5.758418    
        2000          13 buck               8.182180       11.32015       1.383512    
        2000          14 canp               59.04479       321.8124       5.450311    
        2000          15 wwht               406.5341       577.2527       1.419937    
        2000          16 rye                111.4482       370.3022       3.322640    
        2000          17 trit               215.2103       751.6887       3.492811    
        2000          18 csil               31.12765       254.3596       8.171499    
        2000          19 lmix              0.0000000E+00  0.0000000E+00  0.0000000E+00
        2001           1 frsd              0.0000000E+00  0.0000000E+00  0.0000000E+00
        2001           2 frse              0.0000000E+00  0.0000000E+00  0.0000000E+00
        2001           3 frst              0.0000000E+00  0.0000000E+00  0.0000000E+00
        2001           4 orcd               1.975940      0.4162462      0.2106572    
        2001           5 rnge               16.58698      0.0000000E+00  0.0000000E+00
        2001           6 wetl              0.0000000E+00  0.0000000E+00  0.0000000E+00
        2001           7 fesc               698.8047       316.3764      0.4527394    
        2001           8 lupn               172.3726       64.62865      0.3749357    
        2001           9 oats               95.95760       212.7585       2.217214    
        2001          10 barl               122.1565       229.6906       1.880298    
        2001          11 fpea               73.09444       272.8785       3.733233    
        2001          12 pota               108.4921       50.62160      0.4665926    
        2001          13 buck               24.60551       24.01342      0.9759364    
        2001          14 canp               405.8141       1132.252       2.790076    
        2001          15 wwht               186.2945       216.3766       1.161476    
        2001          16 rye                100.6520       352.7727       3.504875    
        2001          17 trit               87.42446       510.7240       5.841888    
        2001          18 csil               8.496810       64.32878       7.570932    
        2001          19 lmix              0.0000000E+00  0.0000000E+00  0.0000000E+00
        2002           1 frsd              0.0000000E+00  0.0000000E+00  0.0000000E+00
        2002           2 frse              0.0000000E+00  0.0000000E+00  0.0000000E+00
        2002           3 frst              0.0000000E+00  0.0000000E+00  0.0000000E+00
        2002           4 orcd               1.975940      0.3996609      0.2022636    
        2002           5 rnge               16.58698      0.0000000E+00  0.0000000E+00
        2002           6 wetl              0.0000000E+00  0.0000000E+00  0.0000000E+00
        2002           7 fesc               964.4237       499.3715      0.5177926    
        2002           8 lupn               197.4042       129.8829      0.6579539    
        2002           9 oats               157.4410       426.0067       2.705818    
        2002          10 barl               154.4239       212.1736       1.373969    
        2002          11 fpea               5.198920       27.84259       5.355456    
        2002          12 pota               260.0756       352.1490       1.354026    
        2002          13 buck               9.106939       14.33739       1.574336    
        2002          14 canp               298.7375       570.2414       1.908838    
        2002          15 wwht               67.65367       236.3275       3.493196    
        2002          16 rye                68.76182       241.2535       3.508539    
        2002          17 trit               30.39439       148.6623       4.891109    
        2002          18 csil               8.512751       71.96643       8.453957    
        2002          19 lmix              0.0000000E+00  0.0000000E+00  0.0000000E+00
        2003           1 frsd              0.0000000E+00  0.0000000E+00  0.0000000E+00
        2003           2 frse              0.0000000E+00  0.0000000E+00  0.0000000E+00
        2003           3 frst              0.0000000E+00  0.0000000E+00  0.0000000E+00
        2003           4 orcd               1.975940      0.4653865      0.2355265    
        2003           5 rnge               16.58698      0.0000000E+00  0.0000000E+00
        2003           6 wetl              0.0000000E+00  0.0000000E+00  0.0000000E+00
        2003           7 fesc               1064.598       891.1146      0.8370432    
        2003           8 lupn               107.4853       91.31033      0.8495148    
        2003           9 oats               141.1177       415.5547       2.944740    
        2003          10 barl               54.54786       222.2692       4.074755    
        2003          11 fpea               115.0552       185.8722       1.615505    
        2003          12 pota               132.7863       630.5029       4.748252    
        2003          13 buck               18.13002       31.78007       1.752898    
        2003          14 canp               73.50423       352.4897       4.795503    
        2003          15 wwht               421.5923       908.8142       2.155671    
        2003          16 rye                38.27672       169.7401       4.434551    
        2003          17 trit               87.85532       447.5724       5.094425    
        2003          18 csil               20.42340       177.3930       8.685770    
        2003          19 lmix              0.0000000E+00  0.0000000E+00  0.0000000E+00
        2004           1 frsd              0.0000000E+00  0.0000000E+00  0.0000000E+00
        2004           2 frse              0.0000000E+00  0.0000000E+00  0.0000000E+00
        2004           3 frst              0.0000000E+00  0.0000000E+00  0.0000000E+00
        2004           4 orcd               1.975940      0.5329826      0.2697361    
        2004           5 rnge               16.58698      0.0000000E+00  0.0000000E+00
        2004           6 wetl              0.0000000E+00  0.0000000E+00  0.0000000E+00
        2004           7 fesc               622.0726       96.32042      0.1548379    
        2004           8 lupn               61.88545       55.12075      0.8906900    
        2004           9 oats               261.0549       472.4187       1.809653    
        2004          10 barl               45.86216       122.3219       2.667164    
        2004          11 fpea               27.80220       73.54024       2.645123    
        2004          12 pota               271.1597       1024.108       3.776771    
        2004          13 buck               33.53731       38.29422       1.141839    
        2004          14 canp               324.5222       840.2310       2.589133    
        2004          15 wwht               44.79409       81.21510       1.813076    
        2004          16 rye                153.3569       531.5936       3.466381    
        2004          17 trit               197.7336       977.7828       4.944949    
        2004          18 csil               6.137110       45.90722       7.480265    
        2004          19 lmix              0.0000000E+00  0.0000000E+00  0.0000000E+00
        2005           1 frsd              0.0000000E+00  0.0000000E+00  0.0000000E+00
        2005           2 frse              0.0000000E+00  0.0000000E+00  0.0000000E+00
        2005           3 frst              0.0000000E+00  0.0000000E+00  0.0000000E+00
        2005           4 orcd               1.975940      0.5280651      0.2672474    
        2005           5 rnge               16.58698      0.0000000E+00  0.0000000E+00
        2005           6 wetl              0.0000000E+00  0.0000000E+00  0.0000000E+00
        2005           7 fesc               564.3674      0.8780065      1.5557356E-03
        2005           8 lupn               166.7163       175.0467       1.049968    
        2005           9 oats               74.50558       203.5841       2.732467    
        2005          10 barl               36.47241       142.7209       3.913119    
        2005          11 fpea               85.49305       391.5576       4.579994    
        2005          12 pota               256.7287       993.6268       3.870338    
        2005          13 buck               8.182180       10.98297       1.342303    
        2005          14 canp               59.04479       262.5894       4.447292    
        2005          15 wwht               406.5342       387.2245      0.9525018    
        2005          16 rye                111.4482       311.8858       2.798482    
        2005          17 trit               215.2103       728.2232       3.383776    
        2005          18 csil               31.12765       181.1557       5.819766    
        2005          19 lmix              0.0000000E+00  0.0000000E+00  0.0000000E+00
        2006           1 frsd              0.0000000E+00  0.0000000E+00  0.0000000E+00
        2006           2 frse              0.0000000E+00  0.0000000E+00  0.0000000E+00
        2006           3 frst              0.0000000E+00  0.0000000E+00  0.0000000E+00
        2006           4 orcd               1.975940      0.5675918      0.2872514    
        2006           5 rnge               16.58698      0.0000000E+00  0.0000000E+00
        2006           6 wetl              0.0000000E+00  0.0000000E+00  0.0000000E+00
        2006           7 fesc               698.8048       372.8098      0.5334963    
        2006           8 lupn               172.3726       101.4029      0.5882772    
        2006           9 oats               95.95760       245.3688       2.557055    
        2006          10 barl               122.1565       300.2464       2.457882    
        2006          11 fpea               73.09443       355.4182       4.862453    
        2006          12 pota               108.4921       272.9874       2.516197    
        2006          13 buck               24.60551       41.05559       1.668553    
        2006          14 canp               405.8141       1242.192       3.060988    
        2006          15 wwht               186.2945       132.5634      0.7115800    
        2006          16 rye                100.6520       450.3468       4.474296    
        2006          17 trit               87.42445       401.7479       4.595372    
        2006          18 csil               8.496810       62.88422       7.400920    
        2006          19 lmix              0.0000000E+00  0.0000000E+00  0.0000000E+00
        2007           1 frsd              0.0000000E+00  0.0000000E+00  0.0000000E+00
        2007           2 frse              0.0000000E+00  0.0000000E+00  0.0000000E+00
        2007           3 frst              0.0000000E+00  0.0000000E+00  0.0000000E+00
        2007           4 orcd               1.975940      0.6351193      0.3214263    
        2007           5 rnge               16.58698      0.0000000E+00  0.0000000E+00
        2007           6 wetl              0.0000000E+00  0.0000000E+00  0.0000000E+00
        2007           7 fesc               964.4237       633.0554      0.6564079    
        2007           8 lupn               197.4043       142.5474      0.7221088    
        2007           9 oats               157.4410       398.6996       2.532375    
        2007          10 barl               154.4239       229.8123       1.488191    
        2007          11 fpea               5.198920       24.23592       4.661722    
        2007          12 pota               260.0756       782.0699       3.007087    
        2007          13 buck               9.106939       12.59105       1.382578    
        2007          14 canp               298.7375       405.4116       1.357083    
        2007          15 wwht               67.65368       262.0798       3.873845    
        2007          16 rye                68.76181       296.2709       4.308654    
        2007          17 trit               30.39439       150.5412       4.952928    
        2007          18 csil               8.512751       70.93673       8.332996    
        2007          19 lmix              0.0000000E+00  0.0000000E+00  0.0000000E+00
        2008           1 frsd              0.0000000E+00  0.0000000E+00  0.0000000E+00
        2008           2 frse              0.0000000E+00  0.0000000E+00  0.0000000E+00
        2008           3 frst              0.0000000E+00  0.0000000E+00  0.0000000E+00
        2008           4 orcd               1.975940      0.5821179      0.2946029    
        2008           5 rnge               16.58698      0.0000000E+00  0.0000000E+00
        2008           6 wetl              0.0000000E+00  0.0000000E+00  0.0000000E+00
        2008           7 fesc               1064.598       610.1006      0.5730807    
        2008           8 lupn               107.4853       104.9030      0.9759756    
        2008           9 oats               141.1176       396.4674       2.809481    
        2008          10 barl               54.54786       221.8430       4.066942    
        2008          11 fpea               115.0552       191.5354       1.664726    
        2008          12 pota               132.7863       643.0797       4.842967    
        2008          13 buck               18.13002       26.89923       1.483684    
        2008          14 canp               73.50423       250.2551       3.404635    
        2008          15 wwht               421.5923       863.0610       2.047146    
        2008          16 rye                38.27672       157.9254       4.125887    
        2008          17 trit               87.85532       420.3622       4.784709    
        2008          18 csil               20.42340       184.4923       9.033380    
        2008          19 lmix              0.0000000E+00  0.0000000E+00  0.0000000E+00
        2009           1 frsd              0.0000000E+00  0.0000000E+00  0.0000000E+00
        2009           2 frse              0.0000000E+00  0.0000000E+00  0.0000000E+00
        2009           3 frst              0.0000000E+00  0.0000000E+00  0.0000000E+00
        2009           4 orcd               1.975940      0.5990257      0.3031597    
        2009           5 rnge               16.58698      0.0000000E+00  0.0000000E+00
        2009           6 wetl              0.0000000E+00  0.0000000E+00  0.0000000E+00
        2009           7 fesc               622.0726       152.2630      0.2447672    
        2009           8 lupn               61.88545       50.69320      0.8191457    
        2009           9 oats               261.0549       501.4357       1.920805    
        2009          10 barl               45.86216       209.0003       4.557141    
        2009          11 fpea               27.80220       90.54151       3.256631    
        2009          12 pota               271.1597       1428.229       5.267116    
        2009          13 buck               33.53731       46.08628       1.374179    
        2009          14 canp               324.5222       1057.618       3.259001    
        2009          15 wwht               44.79409       119.3744       2.664960    
        2009          16 rye                153.3569       618.3074       4.031820    
        2009          17 trit               197.7336       1126.398       5.696543    
        2009          18 csil               6.137110       55.96507       9.119123    
        2009          19 lmix              0.0000000E+00  0.0000000E+00  0.0000000E+00
        2010           1 frsd              0.0000000E+00  0.0000000E+00  0.0000000E+00
        2010           2 frse              0.0000000E+00  0.0000000E+00  0.0000000E+00
        2010           3 frst              0.0000000E+00  0.0000000E+00  0.0000000E+00
        2010           4 orcd               1.975940      0.6010076      0.3041627    
        2010           5 rnge               16.58698      0.0000000E+00  0.0000000E+00
        2010           6 wetl              0.0000000E+00  0.0000000E+00  0.0000000E+00
        2010           7 fesc               564.3674      0.8902209      1.5773783E-03
        2010           8 lupn               166.7162       182.2598       1.093234    
        2010           9 oats               74.50557       224.9485       3.019217    
        2010          10 barl               36.47241       170.1644       4.665565    
        2010          11 fpea               85.49305       456.1383       5.335385    
        2010          12 pota               256.7287       1145.763       4.462935    
        2010          13 buck               8.182180       12.01085       1.467927    
        2010          14 canp               59.04479       262.0870       4.438783    
        2010          15 wwht               406.5341       542.4544       1.334339    
        2010          16 rye                111.4482       366.3772       3.287421    
        2010          17 trit               215.2103       862.2748       4.006662    
        2010          18 csil               31.12765       200.2047       6.431730    
        2010          19 lmix              0.0000000E+00  0.0000000E+00  0.0000000E+00
        2011           1 frsd              0.0000000E+00  0.0000000E+00  0.0000000E+00
        2011           2 frse              0.0000000E+00  0.0000000E+00  0.0000000E+00
        2011           3 frst              0.0000000E+00  0.0000000E+00  0.0000000E+00
        2011           4 orcd               1.975940      0.6339322      0.3208255    
        2011           5 rnge               16.58698      0.0000000E+00  0.0000000E+00
        2011           6 wetl              0.0000000E+00  0.0000000E+00  0.0000000E+00
        2011           7 fesc               698.8047       350.6557      0.5017936    
        2011           8 lupn               172.3726       121.6524      0.7057524    
        2011           9 oats               95.95760       288.2587       3.004022    
        2011          10 barl               122.1565       521.5286       4.269347    
        2011          11 fpea               73.09443       432.7506       5.920432    
        2011          12 pota               108.4921       382.5057       3.525656    
        2011          13 buck               24.60551       39.21846       1.593889    
        2011          14 canp               405.8141       1515.418       3.734265    
        2011          15 wwht               186.2945       463.8439       2.489843    
        2011          16 rye                100.6520       374.8897       3.724613    
        2011          17 trit               87.42445       473.3717       5.414637    
        2011          18 csil               8.496810       78.77252       9.270834    
        2011          19 lmix              0.0000000E+00  0.0000000E+00  0.0000000E+00
        2012           1 frsd              0.0000000E+00  0.0000000E+00  0.0000000E+00
        2012           2 frse              0.0000000E+00  0.0000000E+00  0.0000000E+00
        2012           3 frst              0.0000000E+00  0.0000000E+00  0.0000000E+00
        2012           4 orcd               1.975940      0.4471444      0.2262944    
        2012           5 rnge               16.58698      0.0000000E+00  0.0000000E+00
        2012           6 wetl              0.0000000E+00  0.0000000E+00  0.0000000E+00
        2012           7 fesc               964.4236       629.1959      0.6524062    
        2012           8 lupn               197.4043       163.3952      0.8277189    
        2012           9 oats               157.4410       447.7553       2.843956    
        2012          10 barl               154.4239       273.4533       1.770796    
        2012          11 fpea               5.198920       28.67359       5.515297    
        2012          12 pota               260.0756       966.1370       3.714831    
        2012          13 buck               9.106939       17.38530       1.909016    
        2012          14 canp               298.7375       1037.076       3.471529    
        2012          15 wwht               67.65368       213.7028       3.158776    
        2012          16 rye                68.76181       314.0422       4.567102    
        2012          17 trit               30.39439       157.2444       5.173466    
        2012          18 csil               8.512751       74.34533       8.733408    
        2012          19 lmix              0.0000000E+00  0.0000000E+00  0.0000000E+00
        2013           1 frsd              0.0000000E+00  0.0000000E+00  0.0000000E+00
        2013           2 frse              0.0000000E+00  0.0000000E+00  0.0000000E+00
        2013           3 frst              0.0000000E+00  0.0000000E+00  0.0000000E+00
        2013           4 orcd               1.975940      0.4499169      0.2276975    
        2013           5 rnge               16.58698      0.0000000E+00  0.0000000E+00
        2013           6 wetl              0.0000000E+00  0.0000000E+00  0.0000000E+00
        2013           7 fesc               1064.598       789.9510      0.7420180    
        2013           8 lupn               107.4853       87.00077      0.8094203    
        2013           9 oats               141.1177       421.9938       2.990369    
        2013          10 barl               54.54786       216.5424       3.969769    
        2013          11 fpea               115.0552       143.7358       1.249277    
        2013          12 pota               132.7863       525.5522       3.957880    
        2013          13 buck               18.13002       29.17932       1.609448    
        2013          14 canp               73.50422       402.8439       5.480555    
        2013          15 wwht               421.5922       566.0035       1.342538    
        2013          16 rye                38.27672       162.6013       4.248047    
        2013          17 trit               87.85533       426.8849       4.858953    
        2013          18 csil               20.42340       199.1306       9.750121    
        2013          19 lmix              0.0000000E+00  0.0000000E+00  0.0000000E+00
        2014           1 frsd              0.0000000E+00  0.0000000E+00  0.0000000E+00
        2014           2 frse              0.0000000E+00  0.0000000E+00  0.0000000E+00
        2014           3 frst              0.0000000E+00  0.0000000E+00  0.0000000E+00
        2014           4 orcd               1.975940      0.5386294      0.2725939    
        2014           5 rnge               16.58698      0.0000000E+00  0.0000000E+00
        2014           6 wetl              0.0000000E+00  0.0000000E+00  0.0000000E+00
        2014           7 fesc               622.0728       125.7349      0.2021226    
        2014           8 lupn               61.88545       58.79430      0.9500505    
        2014           9 oats               261.0549       640.2711       2.452630    
        2014          10 barl               45.86216       232.1591       5.062106    
        2014          11 fpea               27.80220       151.2740       5.441079    
        2014          12 pota               271.1597       1513.070       5.579997    
        2014          13 buck               33.53731       52.32990       1.560349    
        2014          14 canp               324.5222       1274.318       3.926751    
        2014          15 wwht               44.79409       140.6102       3.139035    
        2014          16 rye                153.3569       715.7020       4.666903    
        2014          17 trit               197.7336       970.4951       4.908094    
        2014          18 csil               6.137110       59.01112       9.615456    
        2014          19 lmix              0.0000000E+00  0.0000000E+00  0.0000000E+00
        2015           1 frsd              0.0000000E+00  0.0000000E+00  0.0000000E+00
        2015           2 frse              0.0000000E+00  0.0000000E+00  0.0000000E+00
        2015           3 frst              0.0000000E+00  0.0000000E+00  0.0000000E+00
        2015           4 orcd               1.975940      0.6161042      0.3118030    
        2015           5 rnge               16.58698      0.0000000E+00  0.0000000E+00
        2015           6 wetl              0.0000000E+00  0.0000000E+00  0.0000000E+00
        2015           7 fesc               564.3675       58.03233      0.1028272    
        2015           8 lupn               166.7163       163.3426      0.9797643    
        2015           9 oats               74.50557       225.8928       3.031891    
        2015          10 barl               36.47241       112.4042       3.081898    
        2015          11 fpea               85.49305       400.0382       4.679190    
        2015          12 pota               256.7287       1673.417       6.518234    
        2015          13 buck               8.182180       11.64642       1.423388    
        2015          14 canp               59.04479       339.6940       5.753158    
        2015          15 wwht               406.5341       1022.356       2.514809    
        2015          16 rye                111.4482       417.5518       3.746600    
        2015          17 trit               215.2103       1083.006       5.032315    
        2015          18 csil               31.12765       206.7129       6.640811    
        2015          19 lmix              0.0000000E+00  0.0000000E+00  0.0000000E+00
        2016           1 frsd              0.0000000E+00  0.0000000E+00  0.0000000E+00
        2016           2 frse              0.0000000E+00  0.0000000E+00  0.0000000E+00
        2016           3 frst              0.0000000E+00  0.0000000E+00  0.0000000E+00
        2016           4 orcd               1.975940      0.6806687      0.3444783    
        2016           5 rnge               16.58698      0.0000000E+00  0.0000000E+00
        2016           6 wetl              0.0000000E+00  0.0000000E+00  0.0000000E+00
        2016           7 fesc               698.8047       397.3148      0.5685634    
        2016           8 lupn               172.3726       95.50838      0.5540809    
        2016           9 oats               95.95760       266.8193       2.780596    
        2016          10 barl               122.1565       559.7094       4.581903    
        2016          11 fpea               73.09444       406.1889       5.557042    
        2016          12 pota               108.4921       236.2996       2.178036    
        2016          13 buck               24.60551       42.25887       1.717456    
        2016          14 canp               405.8141       1525.588       3.759327    
        2016          15 wwht               186.2944       685.2252       3.678184    
        2016          16 rye                100.6520       412.0541       4.093849    
        2016          17 trit               87.42445       482.4281       5.518229    
        2016          18 csil               8.496810       77.85229       9.162531    
        2016          19 lmix              0.0000000E+00  0.0000000E+00  0.0000000E+00
        2017           1 frsd              0.0000000E+00  0.0000000E+00  0.0000000E+00
        2017           2 frse              0.0000000E+00  0.0000000E+00  0.0000000E+00
        2017           3 frst              0.0000000E+00  0.0000000E+00  0.0000000E+00
        2017           4 orcd               1.975940      0.6710273      0.3395989    
        2017           5 rnge               16.58698      0.0000000E+00  0.0000000E+00
        2017           6 wetl              0.0000000E+00  0.0000000E+00  0.0000000E+00
        2017           7 fesc               964.4236       679.3081      0.7043669    
        2017           8 lupn               197.4043       137.1653      0.6948445    
        2017           9 oats               157.4410       398.2766       2.529688    
        2017          10 barl               154.4239       164.9600       1.068229    
        2017          11 fpea               5.198920       23.92987       4.602853    
        2017          12 pota               260.0756       732.7545       2.817467    
        2017          13 buck               9.106939       13.91078       1.527493    
        2017          14 canp               298.7375       953.0101       3.190125    
        2017          15 wwht               67.65368       159.3409       2.355243    
        2017          16 rye                68.76181       270.5817       3.935058    
        2017          17 trit               30.39439       151.5944       4.987578    
        2017          18 csil               8.512751       64.23367       7.545583    
        2017          19 lmix              0.0000000E+00  0.0000000E+00  0.0000000E+00
        2018           1 frsd              0.0000000E+00  0.0000000E+00  0.0000000E+00
        2018           2 frse              0.0000000E+00  0.0000000E+00  0.0000000E+00
        2018           3 frst              0.0000000E+00  0.0000000E+00  0.0000000E+00
        2018           4 orcd               1.975940      0.6083270      0.3078670    
        2018           5 rnge               16.58698      0.0000000E+00  0.0000000E+00
        2018           6 wetl              0.0000000E+00  0.0000000E+00  0.0000000E+00
        2018           7 fesc               1064.598       653.9008      0.6142231    
        2018           8 lupn               107.4853       84.55236      0.7866414    
        2018           9 oats               141.1176       409.5846       2.902434    
        2018          10 barl               54.54786       228.3174       4.185633    
        2018          11 fpea               115.0552       235.5215       2.047032    
        2018          12 pota               132.7863       467.9893       3.524380    
        2018          13 buck               18.13002       28.07272       1.548411    
        2018          14 canp               73.50423       260.3532       3.542017    
        2018          15 wwht               421.5923       803.4807       1.905824    
        2018          16 rye                38.27672       142.9140       3.733706    
        2018          17 trit               87.85532       329.8015       3.753916    
        2018          18 csil               20.42340       197.7951       9.684728    
        2018          19 lmix              0.0000000E+00  0.0000000E+00  0.0000000E+00
        2019           1 frsd              0.0000000E+00  0.0000000E+00  0.0000000E+00
        2019           2 frse              0.0000000E+00  0.0000000E+00  0.0000000E+00
        2019           3 frst              0.0000000E+00  0.0000000E+00  0.0000000E+00
        2019           4 orcd               1.975940      0.6744078      0.3413097    
        2019           5 rnge               16.58698      0.0000000E+00  0.0000000E+00
        2019           6 wetl              0.0000000E+00  0.0000000E+00  0.0000000E+00
        2019           7 fesc               622.0726       111.4468      0.1791540    
        2019           8 lupn               61.88545       44.41538      0.7177031    
        2019           9 oats               261.0549       553.2507       2.119289    
        2019          10 barl               45.86216       221.8973       4.838353    
        2019          11 fpea               27.80220       144.3472       5.191934    
        2019          12 pota               271.1597       1461.851       5.391107    
        2019          13 buck               33.53731       50.71596       1.512225    
        2019          14 canp               324.5222       804.2516       2.478264    
        2019          15 wwht               44.79409       151.4250       3.380468    
        2019          16 rye                153.3569       624.3198       4.071024    
        2019          17 trit               197.7336       670.0277       3.388537    
        2019          18 csil               6.137110       58.94013       9.603888    
        2019          19 lmix              0.0000000E+00  0.0000000E+00  0.0000000E+00
        2020           1 frsd              0.0000000E+00  0.0000000E+00  0.0000000E+00
        2020           2 frse              0.0000000E+00  0.0000000E+00  0.0000000E+00
        2020           3 frst              0.0000000E+00  0.0000000E+00  0.0000000E+00
        2020           4 orcd               1.975940      0.7346344      0.3717897    
        2020           5 rnge               16.58698      0.0000000E+00  0.0000000E+00
        2020           6 wetl              0.0000000E+00  0.0000000E+00  0.0000000E+00
        2020           7 fesc               564.3673      0.0000000E+00  0.0000000E+00
        2020           8 lupn               166.7163       121.5669      0.7291846    
        2020           9 oats               74.50557       207.1922       2.780896    
        2020          10 barl               36.47241       135.9295       3.726914    
        2020          11 fpea               85.49305       433.4471       5.069969    
        2020          12 pota               256.7287       1480.504       5.766806    
        2020          13 buck               8.182180       11.67462       1.426835    
        2020          14 canp               59.04479       216.0711       3.659444    
        2020          15 wwht               406.5341       894.1656       2.199485    
        2020          16 rye                111.4482       444.2084       3.985783    
        2020          17 trit               215.2103       855.7975       3.976565    
        2020          18 csil               31.12765       237.7267       7.637154    
        2020          19 lmix              0.0000000E+00  0.0000000E+00  0.0000000E+00
        2021           1 frsd              0.0000000E+00  0.0000000E+00  0.0000000E+00
        2021           2 frse              0.0000000E+00  0.0000000E+00  0.0000000E+00
        2021           3 frst              0.0000000E+00  0.0000000E+00  0.0000000E+00
        2021           4 orcd               1.975940      0.7235473      0.3661786    
        2021           5 rnge               16.58698      0.0000000E+00  0.0000000E+00
        2021           6 wetl              0.0000000E+00  0.0000000E+00  0.0000000E+00
        2021           7 fesc               698.8047       343.3810      0.4913834    
        2021           8 lupn               172.3726       88.55510      0.5137422    
        2021           9 oats               95.95760       228.9988       2.386459    
        2021          10 barl               122.1565       482.6779       3.951307    
        2021          11 fpea               73.09443       354.3784       4.848227    
        2021          12 pota               108.4921       540.8934       4.985557    
        2021          13 buck               24.60551       42.31864       1.719885    
        2021          14 canp               405.8141       1063.674       2.621086    
        2021          15 wwht               186.2945       391.6364       2.102244    
        2021          16 rye                100.6520       464.1892       4.611823    
        2021          17 trit               87.42446       415.5509       4.753257    
        2021          18 csil               8.496810       66.55850       7.833351    
        2021          19 lmix              0.0000000E+00  0.0000000E+00  0.0000000E+00
