 Mini_CREATE               SWAT+ Jan 11 2024        MODULAR Rev 2024.61.0                                 
   jday   mon   day    yr   unit  gis_id  name                    flo_in          geo_bf         flo_out           peakr         sed_in        sed_out         washld          bedld            dep        deg_btm       deg_bank         hc_sed          width          depth          slope        deg_btm       deg_bank         hc_len      flo_in_mm       aqu_in_mm      flo_out_mm        sed_stor 
                                                                   m^3/s           m^3/s           m^3/s           m^3/s           tons           tons           tons           tons           tons           tons           tons           tons              m              m            m/m              m              m              m             mm              mm              mm            tons 
   366    12    31  1996       1       0  cha1                 0.6693E-02     0.6322E-02     0.6677E-02     0.2894E-01     0.5432E-02     0.4936E+00     0.2716E-02     0.0000E+00     0.2716E-02     0.0000E+00     0.4909E+00     0.0000E+00     0.1405E+01     0.2021E+00     0.1220E-02     0.0000E+00     0.5872E-01     0.0000E+00     0.1354E+04     0.1279E+04     0.1350E+04     0.4848E-03
   366    12    31  1996       2       0  cha2                 0.4553E-01     0.3633E-01     0.4553E-01     0.2198E+00     0.5420E-06     0.1457E+00     0.2710E-06     0.0000E+00     0.1066E-06     0.0000E+00     0.1457E+00     0.0000E+00     0.8353E+00     0.1475E+00     0.3140E-02     0.0000E+00     0.4713E-01     0.0000E+00     0.4034E+05     0.3219E+05     0.4034E+05     0.5489E-04
   366    12    31  1996       3       0  cha3                 0.5552E-01     0.2974E-01     0.5552E-01     0.2471E+00     0.5168E-04     0.6206E+01     0.2584E-04     0.0000E+00     0.1053E-05     0.3985E-02     0.6202E+01     0.0000E+00     0.1292E+01     0.1922E+00     0.5260E-02     0.1085E-03     0.8779E+00     0.0000E+00     0.1424E+05     0.7628E+04     0.1424E+05     0.4616E-02
   366    12    31  1996       4       0  cha4                 0.7541E-01     0.7371E-01     0.7541E-01     0.3178E+00     0.1228E+01     0.8351E+00     0.6141E+00     0.0000E+00     0.5926E+00     0.0000E+00     0.2210E+00     0.0000E+00     0.1495E+01     0.2098E+00     0.1700E-02     0.0000E+00     0.2324E-01     0.0000E+00     0.1279E+05     0.1251E+05     0.1279E+05     0.9784E-03
   366    12    31  1996       5       0  cha5                 0.2121E+00     0.6398E-01     0.2121E+00     0.6734E+00     0.7301E+01     0.3774E+01     0.3651E+01     0.0000E+00     0.3609E+01     0.0000E+00     0.1232E+00     0.0000E+00     0.2222E+01     0.2667E+00     0.1020E-02     0.0000E+00     0.6092E-02     0.0000E+00     0.1166E+05     0.3518E+04     0.1166E+05     0.1593E-02
   366    12    31  1996       6       0  cha6                 0.2377E+00     0.1885E-01     0.2377E+00     0.6362E+00     0.4656E+01     0.2751E+01     0.2328E+01     0.0000E+00     0.2193E+01     0.0000E+00     0.4230E+00     0.0000E+00     0.2569E+01     0.2911E+00     0.8800E-03     0.0000E+00     0.1560E-01     0.0000E+00     0.8655E+04     0.6861E+03     0.8655E+04     0.4884E-03
   365    12    31  1997       1       0  cha1                 0.1707E-01     0.1650E-01     0.1706E-01     0.7382E-01     0.1089E-01     0.1122E+01     0.5444E-02     0.0000E+00     0.5096E-02     0.0000E+00     0.1117E+01     0.0000E+00     0.1405E+01     0.2021E+00     0.1220E-02     0.0000E+00     0.1327E+00     0.0000E+00     0.3443E+04     0.3328E+04     0.3441E+04     0.9540E-03
   365    12    31  1997       2       0  cha2                 0.6177E-01     0.4961E-01     0.6177E-01     0.2982E+00     0.5405E-06     0.5940E-01     0.2702E-06     0.0000E+00     0.9033E-07     0.0000E+00     0.5940E-01     0.0000E+00     0.8353E+00     0.1475E+00     0.3140E-02     0.0000E+00     0.1882E-01     0.0000E+00     0.5458E+05     0.4383E+05     0.5458E+05     0.1988E-04
   365    12    31  1997       3       0  cha3                 0.9824E-01     0.3609E-01     0.9824E-01     0.4373E+00     0.7466E-04     0.6170E+01     0.3733E-04     0.0000E+00     0.1640E-06     0.2026E+00     0.5968E+01     0.0000E+00     0.1292E+01     0.1977E+00     0.5260E-02     0.5515E-02     0.8303E+00     0.0000E+00     0.2513E+05     0.9233E+04     0.2513E+05     0.4055E-02
   365    12    31  1997       4       0  cha4                 0.6623E-01     0.6421E-01     0.6623E-01     0.2791E+00     0.1643E+01     0.8518E+00     0.8213E+00     0.0000E+00     0.8013E+00     0.0000E+00     0.3054E-01     0.0000E+00     0.1495E+01     0.2098E+00     0.1700E-02     0.0000E+00     0.3201E-02     0.0000E+00     0.1120E+05     0.1086E+05     0.1120E+05     0.9271E-03
   365    12    31  1997       5       0  cha5                 0.2506E+00     0.6606E-01     0.2506E+00     0.7954E+00     0.7266E+01     0.4859E+01     0.3633E+01     0.0000E+00     0.3618E+01     0.0000E+00     0.1227E+01     0.0000E+00     0.2222E+01     0.2667E+00     0.1020E-02     0.0000E+00     0.6082E-01     0.0000E+00     0.1374E+05     0.3622E+04     0.1374E+05     0.3175E-02
   365    12    31  1997       6       0  cha6                 0.2874E+00     0.1966E-01     0.2874E+00     0.7690E+00     0.6743E+01     0.4788E+01     0.3371E+01     0.0000E+00     0.2757E+01     0.0000E+00     0.1417E+01     0.0000E+00     0.2569E+01     0.2911E+00     0.8800E-03     0.0000E+00     0.5287E-01     0.0000E+00     0.1043E+05     0.7139E+03     0.1043E+05     0.1363E-02
   365    12    31  1998       1       0  cha1                 0.3769E-01     0.3612E-01     0.3769E-01     0.1630E+00     0.1526E+01     0.1536E+01     0.7632E+00     0.0000E+00     0.7624E+00     0.0000E+00     0.7728E+00     0.0000E+00     0.1405E+01     0.2021E+00     0.1220E-02     0.0000E+00     0.9126E-01     0.0000E+00     0.7602E+04     0.7285E+04     0.7602E+04     0.6971E-03
   365    12    31  1998       2       0  cha2                 0.1157E+00     0.9386E-01     0.1157E+00     0.5587E+00     0.1774E-01     0.2431E+00     0.8871E-02     0.0000E+00     0.8864E-02     0.0000E+00     0.2342E+00     0.0000E+00     0.8353E+00     0.1475E+00     0.3140E-02     0.0000E+00     0.7635E-01     0.0000E+00     0.1023E+06     0.8294E+05     0.1023E+06     0.9431E-04
   365    12    31  1998       3       0  cha3                 0.1895E+00     0.6256E-01     0.1895E+00     0.8436E+00     0.7061E+01     0.7515E+01     0.3530E+01     0.0000E+00     0.3530E+01     0.3924E+00     0.3592E+01     0.0000E+00     0.1292E+01     0.2084E+00     0.5260E-02     0.1068E-01     0.4724E+00     0.0000E+00     0.4848E+05     0.1600E+05     0.4848E+05     0.2430E-02
   365    12    31  1998       4       0  cha4                 0.1333E+00     0.1222E+00     0.1333E+00     0.5617E+00     0.1440E+02     0.7248E+01     0.7198E+01     0.0000E+00     0.7187E+01     0.0000E+00     0.5090E-01     0.0000E+00     0.1495E+01     0.2098E+00     0.1700E-02     0.0000E+00     0.5353E-02     0.0000E+00     0.2255E+05     0.2067E+05     0.2255E+05     0.1978E-02
   365    12    31  1998       5       0  cha5                 0.4673E+00     0.1068E+00     0.4673E+00     0.1483E+01     0.1650E+02     0.8450E+01     0.8250E+01     0.0000E+00     0.8233E+01     0.0000E+00     0.1998E+00     0.0000E+00     0.2222E+01     0.2667E+00     0.1020E-02     0.0000E+00     0.9860E-02     0.0000E+00     0.2562E+05     0.5857E+04     0.2562E+05     0.1374E-02
   365    12    31  1998       6       0  cha6                 0.5367E+00     0.3141E-01     0.5367E+00     0.1436E+01     0.1187E+02     0.6206E+01     0.5934E+01     0.0000E+00     0.5821E+01     0.0000E+00     0.2720E+00     0.0000E+00     0.2569E+01     0.2911E+00     0.8800E-03     0.0000E+00     0.1010E-01     0.0000E+00     0.1948E+05     0.1141E+04     0.1948E+05     0.4300E-03
   365    12    31  1999       1       0  cha1                 0.2342E-01     0.2238E-01     0.2342E-01     0.1012E+00     0.5185E+00     0.5507E+00     0.2592E+00     0.0000E+00     0.2566E+00     0.0000E+00     0.2914E+00     0.0000E+00     0.1405E+01     0.2021E+00     0.1220E-02     0.0000E+00     0.3474E-01     0.0000E+00     0.4723E+04     0.4515E+04     0.4723E+04     0.3359E-03
   365    12    31  1999       2       0  cha2                 0.7864E-01     0.6354E-01     0.7864E-01     0.3797E+00     0.9955E-04     0.7365E-01     0.4977E-04     0.0000E+00     0.4911E-04     0.0000E+00     0.7360E-01     0.0000E+00     0.8353E+00     0.1475E+00     0.3140E-02     0.0000E+00     0.2351E-01     0.0000E+00     0.6949E+05     0.5614E+05     0.6949E+05     0.2604E-04
   365    12    31  1999       3       0  cha3                 0.1269E+00     0.4453E-01     0.1269E+00     0.5650E+00     0.4560E-01     0.3522E+01     0.2280E-01     0.0000E+00     0.2276E-01     0.1835E+00     0.3316E+01     0.0000E+00     0.1292E+01     0.2134E+00     0.5260E-02     0.4996E-02     0.4210E+00     0.0000E+00     0.3247E+05     0.1139E+05     0.3247E+05     0.2293E-02
   365    12    31  1999       4       0  cha4                 0.8459E-01     0.8137E-01     0.8459E-01     0.3565E+00     0.2803E+01     0.1432E+01     0.1402E+01     0.0000E+00     0.1391E+01     0.0000E+00     0.3091E-01     0.0000E+00     0.1495E+01     0.2098E+00     0.1700E-02     0.0000E+00     0.3270E-02     0.0000E+00     0.1431E+05     0.1377E+05     0.1431E+05     0.8176E-03
   365    12    31  1999       5       0  cha5                 0.3175E+00     0.8211E-01     0.3175E+00     0.1008E+01     0.5473E+01     0.4161E+01     0.2737E+01     0.0000E+00     0.2725E+01     0.0000E+00     0.1424E+01     0.0000E+00     0.2222E+01     0.2667E+00     0.1020E-02     0.0000E+00     0.7065E-01     0.0000E+00     0.1741E+05     0.4502E+04     0.1741E+05     0.3080E-02
   365    12    31  1999       6       0  cha6                 0.3654E+00     0.2435E-01     0.3654E+00     0.9778E+00     0.6047E+01     0.4706E+01     0.3023E+01     0.0000E+00     0.2309E+01     0.0000E+00     0.1683E+01     0.0000E+00     0.2569E+01     0.2911E+00     0.8800E-03     0.0000E+00     0.6282E-01     0.0000E+00     0.1327E+05     0.8842E+03     0.1327E+05     0.1500E-02
   366    12    31  2000       1       0  cha1                 0.2062E-01     0.2016E-01     0.2064E-01     0.8915E-01     0.1303E-02     0.3610E+00     0.6515E-03     0.0000E+00     0.6459E-03     0.0000E+00     0.3604E+00     0.0000E+00     0.1405E+01     0.2021E+00     0.1220E-02     0.0000E+00     0.4251E-01     0.0000E+00     0.4170E+04     0.4078E+04     0.4175E+04     0.2986E-03
   366    12    31  2000       2       0  cha2                 0.6239E-01     0.5224E-01     0.6240E-01     0.3012E+00     0.5420E-06     0.5855E-01     0.2710E-06     0.0000E+00     0.1555E-06     0.0000E+00     0.5855E-01     0.0000E+00     0.8353E+00     0.1475E+00     0.3140E-02     0.0000E+00     0.1941E-01     0.0000E+00     0.5528E+05     0.4628E+05     0.5529E+05     0.2563E-04
   366    12    31  2000       3       0  cha3                 0.9919E-01     0.3462E-01     0.9923E-01     0.4415E+00     0.1941E-01     0.1873E+01     0.9707E-02     0.0000E+00     0.9651E-02     0.1980E+00     0.1665E+01     0.0000E+00     0.1292E+01     0.2188E+00     0.5260E-02     0.5390E-02     0.2051E+00     0.0000E+00     0.2544E+05     0.8879E+04     0.2545E+05     0.1029E-02
   366    12    31  2000       4       0  cha4                 0.6391E-01     0.6215E-01     0.6391E-01     0.2694E+00     0.1934E+01     0.1138E+01     0.9672E+00     0.0000E+00     0.9672E+00     0.0000E+00     0.1706E+00     0.0000E+00     0.1495E+01     0.2098E+00     0.1700E-02     0.0000E+00     0.1787E-01     0.0000E+00     0.1084E+05     0.1054E+05     0.1084E+05     0.7456E-03
   366    12    31  2000       5       0  cha5                 0.2592E+00     0.7831E-01     0.2592E+00     0.8229E+00     0.3206E+01     0.4126E+01     0.1603E+01     0.0000E+00     0.1550E+01     0.0000E+00     0.2523E+01     0.0000E+00     0.2222E+01     0.2667E+00     0.1020E-02     0.0000E+00     0.1246E+00     0.0000E+00     0.1425E+05     0.4306E+04     0.1425E+05     0.4026E-02
   366    12    31  2000       6       0  cha6                 0.3030E+00     0.2302E-01     0.3030E+00     0.8108E+00     0.4818E+01     0.5529E+01     0.2409E+01     0.0000E+00     0.1078E+01     0.0000E+00     0.3120E+01     0.0000E+00     0.2569E+01     0.2911E+00     0.8800E-03     0.0000E+00     0.1160E+00     0.0000E+00     0.1103E+05     0.8380E+03     0.1103E+05     0.2039E-02
   365    12    31  2001       1       0  cha1                 0.2853E-01     0.2751E-01     0.2851E-01     0.1234E+00     0.1608E-01     0.6550E+00     0.8041E-02     0.0000E+00     0.7392E-02     0.0000E+00     0.6470E+00     0.0000E+00     0.1405E+01     0.2021E+00     0.1220E-02     0.0000E+00     0.7675E-01     0.0000E+00     0.5754E+04     0.5548E+04     0.5749E+04     0.5230E-03
   365    12    31  2001       2       0  cha2                 0.1075E+00     0.8683E-01     0.1075E+00     0.5191E+00     0.5405E-06     0.1912E+00     0.2702E-06     0.0000E+00     0.2295E-07     0.0000E+00     0.1912E+00     0.0000E+00     0.8353E+00     0.1475E+00     0.3140E-02     0.0000E+00     0.6209E-01     0.0000E+00     0.9501E+05     0.7672E+05     0.9500E+05     0.7477E-04
   365    12    31  2001       3       0  cha3                 0.1747E+00     0.6085E-01     0.1746E+00     0.7775E+00     0.1881E+01     0.7109E+01     0.9407E+00     0.0000E+00     0.8632E+00     0.1897E+00     0.5978E+01     0.0000E+00     0.1292E+01     0.2239E+00     0.5260E-02     0.5164E-02     0.7362E+00     0.0000E+00     0.4468E+05     0.1557E+05     0.4467E+05     0.4289E-02
   365    12    31  2001       4       0  cha4                 0.1157E+00     0.1114E+00     0.1157E+00     0.4877E+00     0.4618E+01     0.2380E+01     0.2309E+01     0.0000E+00     0.2288E+01     0.0000E+00     0.7107E-01     0.0000E+00     0.1495E+01     0.2098E+00     0.1700E-02     0.0000E+00     0.7484E-02     0.0000E+00     0.1958E+05     0.1885E+05     0.1958E+05     0.1332E-02
   365    12    31  2001       5       0  cha5                 0.4213E+00     0.9598E-01     0.4213E+00     0.1337E+01     0.1018E+02     0.5114E+01     0.5088E+01     0.0000E+00     0.5072E+01     0.0000E+00     0.2559E-01     0.0000E+00     0.2222E+01     0.2667E+00     0.1020E-02     0.0000E+00     0.1265E-02     0.0000E+00     0.2310E+05     0.5263E+04     0.2310E+05     0.1449E-02
   365    12    31  2001       6       0  cha6                 0.4783E+00     0.2824E-01     0.4783E+00     0.1280E+01     0.7247E+01     0.3696E+01     0.3623E+01     0.0000E+00     0.3591E+01     0.0000E+00     0.7223E-01     0.0000E+00     0.2569E+01     0.2911E+00     0.8800E-03     0.0000E+00     0.2665E-02     0.0000E+00     0.1736E+05     0.1025E+04     0.1736E+05     0.3630E-03
   365    12    31  2002       1       0  cha1                 0.2477E-01     0.2340E-01     0.2479E-01     0.1071E+00     0.1289E+01     0.8419E+00     0.6447E+00     0.0000E+00     0.6447E+00     0.0000E+00     0.1972E+00     0.0000E+00     0.1405E+01     0.2021E+00     0.1220E-02     0.0000E+00     0.2358E-01     0.0000E+00     0.4995E+04     0.4720E+04     0.5000E+04     0.3327E-03
   365    12    31  2002       2       0  cha2                 0.8195E-01     0.6572E-01     0.8195E-01     0.3956E+00     0.3125E-01     0.3316E+00     0.1563E-01     0.0000E+00     0.1562E-01     0.0000E+00     0.3160E+00     0.0000E+00     0.8353E+00     0.1475E+00     0.3140E-02     0.0000E+00     0.1034E+00     0.0000E+00     0.7241E+05     0.5807E+05     0.7241E+05     0.1311E-03
   365    12    31  2002       3       0  cha3                 0.1423E+00     0.4983E-01     0.1423E+00     0.6335E+00     0.2838E+00     0.3685E+01     0.1419E+00     0.0000E+00     0.1418E+00     0.5932E-01     0.3484E+01     0.0000E+00     0.1292E+01     0.2256E+00     0.5260E-02     0.1615E-02     0.4193E+00     0.0000E+00     0.3640E+05     0.1275E+05     0.3641E+05     0.2534E-02
   365    12    31  2002       4       0  cha4                 0.1052E+00     0.9569E-01     0.1052E+00     0.4435E+00     0.3875E+01     0.2118E+01     0.1938E+01     0.0000E+00     0.1918E+01     0.0000E+00     0.1800E+00     0.0000E+00     0.1495E+01     0.2098E+00     0.1700E-02     0.0000E+00     0.1888E-01     0.0000E+00     0.1780E+05     0.1619E+05     0.1780E+05     0.8972E-03
   365    12    31  2002       5       0  cha5                 0.3626E+00     0.8919E-01     0.3626E+00     0.1151E+01     0.7977E+01     0.5128E+01     0.3989E+01     0.0000E+00     0.3957E+01     0.0000E+00     0.1140E+01     0.0000E+00     0.2222E+01     0.2667E+00     0.1020E-02     0.0000E+00     0.5677E-01     0.0000E+00     0.1988E+05     0.4890E+04     0.1988E+05     0.3115E-02
   365    12    31  2002       6       0  cha6                 0.4139E+00     0.2636E-01     0.4139E+00     0.1108E+01     0.7279E+01     0.5094E+01     0.3639E+01     0.0000E+00     0.3029E+01     0.0000E+00     0.1455E+01     0.0000E+00     0.2569E+01     0.2911E+00     0.8800E-03     0.0000E+00     0.5440E-01     0.0000E+00     0.1503E+05     0.9571E+03     0.1503E+05     0.1477E-02
   365    12    31  2003       1       0  cha1                 0.3886E-02     0.3568E-02     0.3867E-02     0.1680E-01     0.1110E+00     0.3288E+00     0.5548E-01     0.0000E+00     0.4910E-01     0.0000E+00     0.2733E+00     0.0000E+00     0.1405E+01     0.2021E+00     0.1220E-02     0.0000E+00     0.3264E-01     0.0000E+00     0.7838E+03     0.7196E+03     0.7799E+03     0.3582E-03
   365    12    31  2003       2       0  cha2                 0.2290E-01     0.1729E-01     0.2290E-01     0.1105E+00     0.5405E-06     0.1455E+00     0.2702E-06     0.0000E+00     0.1888E-06     0.0000E+00     0.1455E+00     0.0000E+00     0.8353E+00     0.1475E+00     0.3140E-02     0.0000E+00     0.4741E-01     0.0000E+00     0.2023E+05     0.1528E+05     0.2023E+05     0.5844E-04
   365    12    31  2003       3       0  cha3                 0.4053E-01     0.1692E-01     0.4052E-01     0.1804E+00     0.2662E-04     0.3967E+01     0.1331E-04     0.0000E+00     0.3171E-06     0.1652E-01     0.3951E+01     0.0000E+00     0.1292E+01     0.2260E+00     0.5260E-02     0.4498E-03     0.4754E+00     0.0000E+00     0.1037E+05     0.4329E+04     0.1037E+05     0.2862E-02
   365    12    31  2003       4       0  cha4                 0.3565E-01     0.3439E-01     0.3565E-01     0.1502E+00     0.1020E+01     0.6110E+00     0.5100E+00     0.0000E+00     0.5052E+00     0.0000E+00     0.1010E+00     0.0000E+00     0.1495E+01     0.2098E+00     0.1700E-02     0.0000E+00     0.1060E-01     0.0000E+00     0.6031E+04     0.5818E+04     0.6031E+04     0.5337E-03
   365    12    31  2003       5       0  cha5                 0.1335E+00     0.4597E-01     0.1335E+00     0.4238E+00     0.4891E+01     0.4797E+01     0.2445E+01     0.0000E+00     0.2383E+01     0.0000E+00     0.2352E+01     0.0000E+00     0.2222E+01     0.2667E+00     0.1020E-02     0.0000E+00     0.1172E+00     0.0000E+00     0.7321E+04     0.2521E+04     0.7321E+04     0.5467E-02
   365    12    31  2003       6       0  cha6                 0.1511E+00     0.1361E-01     0.1511E+00     0.4043E+00     0.6175E+01     0.5775E+01     0.3088E+01     0.0000E+00     0.1906E+01     0.0000E+00     0.2687E+01     0.0000E+00     0.2569E+01     0.2911E+00     0.8800E-03     0.0000E+00     0.1006E+00     0.0000E+00     0.5486E+04     0.4943E+03     0.5486E+04     0.2648E-02
   366    12    31  2004       1       0  cha1                 0.2220E-01     0.2104E-01     0.2220E-01     0.9601E-01     0.9378E+00     0.1099E+01     0.4689E+00     0.0000E+00     0.4501E+00     0.0000E+00     0.6297E+00     0.0000E+00     0.1405E+01     0.2021E+00     0.1220E-02     0.0000E+00     0.7485E-01     0.0000E+00     0.4490E+04     0.4256E+04     0.4489E+04     0.8456E-03
   366    12    31  2004       2       0  cha2                 0.7394E-01     0.5961E-01     0.7394E-01     0.3570E+00     0.2108E-01     0.2597E+00     0.1054E-01     0.0000E+00     0.1053E-01     0.0000E+00     0.2492E+00     0.0000E+00     0.8353E+00     0.1475E+00     0.3140E-02     0.0000E+00     0.8226E-01     0.0000E+00     0.6551E+05     0.5282E+05     0.6551E+05     0.1072E-03
   366    12    31  2004       3       0  cha3                 0.1215E+00     0.3987E-01     0.1215E+00     0.5409E+00     0.2843E+00     0.4573E+01     0.1421E+00     0.0000E+00     0.1421E+00     0.2539E+00     0.4177E+01     0.0000E+00     0.1292E+01     0.2329E+00     0.5260E-02     0.6912E-02     0.4907E+00     0.0000E+00     0.3117E+05     0.1023E+05     0.3117E+05     0.2729E-02
   366    12    31  2004       4       0  cha4                 0.7947E-01     0.7516E-01     0.7947E-01     0.3349E+00     0.2757E+01     0.1642E+01     0.1378E+01     0.0000E+00     0.1371E+01     0.0000E+00     0.2634E+00     0.0000E+00     0.1495E+01     0.2098E+00     0.1700E-02     0.0000E+00     0.2772E-01     0.0000E+00     0.1348E+05     0.1275E+05     0.1348E+05     0.1161E-02
   366    12    31  2004       5       0  cha5                 0.3075E+00     0.8029E-01     0.3075E+00     0.9762E+00     0.7269E+01     0.5062E+01     0.3634E+01     0.0000E+00     0.3527E+01     0.0000E+00     0.1428E+01     0.0000E+00     0.2222E+01     0.2667E+00     0.1020E-02     0.0000E+00     0.7010E-01     0.0000E+00     0.1691E+05     0.4414E+04     0.1691E+05     0.2650E-02
   366    12    31  2004       6       0  cha6                 0.3537E+00     0.2367E-01     0.3537E+00     0.9463E+00     0.8478E+01     0.5941E+01     0.4239E+01     0.0000E+00     0.3446E+01     0.0000E+00     0.1703E+01     0.0000E+00     0.2569E+01     0.2911E+00     0.8800E-03     0.0000E+00     0.6301E-01     0.0000E+00     0.1287E+05     0.8619E+03     0.1287E+05     0.1174E-02
   365    12    31  2005       1       0  cha1                 0.1912E-01     0.1746E-01     0.1914E-01     0.8268E-01     0.4155E+01     0.2509E+01     0.2078E+01     0.0000E+00     0.2077E+01     0.0000E+00     0.4312E+00     0.0000E+00     0.1405E+01     0.2021E+00     0.1220E-02     0.0000E+00     0.5100E-01     0.0000E+00     0.3857E+04     0.3522E+04     0.3861E+04     0.5716E-03
   365    12    31  2005       2       0  cha2                 0.5389E-01     0.4542E-01     0.5389E-01     0.2602E+00     0.2701E-01     0.1503E+00     0.1350E-01     0.0000E+00     0.1350E-01     0.0000E+00     0.1368E+00     0.0000E+00     0.8353E+00     0.1475E+00     0.3140E-02     0.0000E+00     0.4492E-01     0.0000E+00     0.4762E+05     0.4013E+05     0.4762E+05     0.5774E-04
   365    12    31  2005       3       0  cha3                 0.9073E-01     0.3044E-01     0.9074E-01     0.4039E+00     0.3441E+00     0.2751E+01     0.1721E+00     0.0000E+00     0.1720E+00     0.2256E+00     0.2354E+01     0.0000E+00     0.1292E+01     0.2391E+00     0.5260E-02     0.6142E-02     0.2658E+00     0.0000E+00     0.2321E+05     0.7786E+04     0.2321E+05     0.1410E-02
   365    12    31  2005       4       0  cha4                 0.6181E-01     0.5888E-01     0.6181E-01     0.2605E+00     0.2189E+01     0.1487E+01     0.1095E+01     0.0000E+00     0.1085E+01     0.0000E+00     0.3924E+00     0.0000E+00     0.1495E+01     0.2098E+00     0.1700E-02     0.0000E+00     0.4117E-01     0.0000E+00     0.1046E+05     0.9961E+04     0.1046E+05     0.1059E-02
   365    12    31  2005       5       0  cha5                 0.2390E+00     0.6991E-01     0.2390E+00     0.7588E+00     0.5028E+01     0.4690E+01     0.2514E+01     0.0000E+00     0.2350E+01     0.0000E+00     0.2176E+01     0.0000E+00     0.2222E+01     0.2667E+00     0.1020E-02     0.0000E+00     0.1073E+00     0.0000E+00     0.1311E+05     0.3833E+04     0.1311E+05     0.3916E-02
   365    12    31  2005       6       0  cha6                 0.2800E+00     0.2156E-01     0.2800E+00     0.7493E+00     0.9637E+01     0.7640E+01     0.4819E+01     0.0000E+00     0.3613E+01     0.0000E+00     0.2821E+01     0.0000E+00     0.2569E+01     0.2911E+00     0.8800E-03     0.0000E+00     0.1047E+00     0.0000E+00     0.1017E+05     0.7826E+03     0.1017E+05     0.1940E-02
   365    12    31  2006       1       0  cha1                 0.2513E-03     0.0000E+00     0.2520E-03     0.1087E-02     0.2241E-02     0.1120E-02     0.1120E-02     0.0000E+00     0.1120E-02     0.0000E+00     0.0000E+00     0.0000E+00     0.1405E+01     0.2021E+00     0.1220E-02     0.0000E+00     0.0000E+00     0.0000E+00     0.5069E+02     0.0000E+00     0.5083E+02     0.2023E-04
   365    12    31  2006       2       0  cha2                 0.1746E-01     0.1290E-01     0.1746E-01     0.8430E-01     0.5405E-06     0.3158E+00     0.2702E-06     0.0000E+00     0.1762E-06     0.0000E+00     0.3158E+00     0.0000E+00     0.8353E+00     0.1475E+00     0.3140E-02     0.0000E+00     0.1035E+00     0.0000E+00     0.1543E+05     0.1139E+05     0.1543E+05     0.1307E-03
   365    12    31  2006       3       0  cha3                 0.3506E-01     0.1790E-01     0.3506E-01     0.1561E+00     0.1875E-04     0.5052E+01     0.9374E-05     0.0000E+00     0.2870E-06     0.0000E+00     0.5052E+01     0.0000E+00     0.1292E+01     0.2391E+00     0.5260E-02     0.0000E+00     0.5764E+00     0.0000E+00     0.8968E+04     0.4579E+04     0.8968E+04     0.3885E-02
   365    12    31  2006       4       0  cha4                 0.4445E-01     0.4379E-01     0.4445E-01     0.1873E+00     0.8155E-01     0.2719E+00     0.4077E-01     0.0000E+00     0.4076E-01     0.0000E+00     0.2312E+00     0.0000E+00     0.1495E+01     0.2098E+00     0.1700E-02     0.0000E+00     0.2423E-01     0.0000E+00     0.7521E+04     0.7409E+04     0.7521E+04     0.3573E-03
   365    12    31  2006       5       0  cha5                 0.1392E+00     0.4962E-01     0.1392E+00     0.4419E+00     0.5403E+01     0.4355E+01     0.2702E+01     0.0000E+00     0.2627E+01     0.0000E+00     0.1654E+01     0.0000E+00     0.2222E+01     0.2667E+00     0.1020E-02     0.0000E+00     0.8219E-01     0.0000E+00     0.7632E+04     0.2721E+04     0.7632E+04     0.4057E-02
   365    12    31  2006       6       0  cha6                 0.1543E+00     0.1478E-01     0.1543E+00     0.4128E+00     0.4448E+01     0.4371E+01     0.2224E+01     0.0000E+00     0.1336E+01     0.0000E+00     0.2147E+01     0.0000E+00     0.2569E+01     0.2911E+00     0.8800E-03     0.0000E+00     0.8012E-01     0.0000E+00     0.5601E+04     0.5365E+03     0.5601E+04     0.1902E-02
   365    12    31  2007       1       0  cha1                 0.2013E-01     0.1891E-01     0.2011E-01     0.8706E-01     0.1828E+01     0.1406E+01     0.9139E+00     0.0000E+00     0.9137E+00     0.0000E+00     0.4917E+00     0.0000E+00     0.1405E+01     0.2021E+00     0.1220E-02     0.0000E+00     0.5841E-01     0.0000E+00     0.4061E+04     0.3814E+04     0.4056E+04     0.5811E-03
   365    12    31  2007       2       0  cha2                 0.6736E-01     0.5263E-01     0.6736E-01     0.3252E+00     0.5405E-06     0.4946E+00     0.2702E-06     0.0000E+00     0.9403E-07     0.0000E+00     0.4946E+00     0.0000E+00     0.8353E+00     0.1475E+00     0.3140E-02     0.0000E+00     0.1611E+00     0.0000E+00     0.5952E+05     0.4650E+05     0.5952E+05     0.2005E-03
   365    12    31  2007       3       0  cha3                 0.1088E+00     0.3574E-01     0.1088E+00     0.4843E+00     0.3023E+00     0.3609E+01     0.1511E+00     0.0000E+00     0.1479E+00     0.1327E+00     0.3325E+01     0.0000E+00     0.1292E+01     0.2427E+00     0.5260E-02     0.3613E-02     0.3712E+00     0.0000E+00     0.2783E+05     0.9143E+04     0.2783E+05     0.2199E-02
   365    12    31  2007       4       0  cha4                 0.8821E-01     0.8404E-01     0.8821E-01     0.3718E+00     0.1846E+01     0.2081E+01     0.9229E+00     0.0000E+00     0.9164E+00     0.0000E+00     0.1158E+01     0.0000E+00     0.1495E+01     0.2098E+00     0.1700E-02     0.0000E+00     0.1215E+00     0.0000E+00     0.1492E+05     0.1422E+05     0.1492E+05     0.1521E-02
   365    12    31  2007       5       0  cha5                 0.2968E+00     0.7772E-01     0.2968E+00     0.9421E+00     0.6532E+01     0.4232E+01     0.3266E+01     0.0000E+00     0.3006E+01     0.0000E+00     0.9655E+00     0.0000E+00     0.2222E+01     0.2667E+00     0.1020E-02     0.0000E+00     0.4717E-01     0.0000E+00     0.1627E+05     0.4262E+04     0.1627E+05     0.2014E-02
   365    12    31  2007       6       0  cha6                 0.3400E+00     0.2286E-01     0.3400E+00     0.9096E+00     0.7188E+01     0.5505E+01     0.3594E+01     0.0000E+00     0.2862E+01     0.0000E+00     0.1911E+01     0.0000E+00     0.2569E+01     0.2911E+00     0.8800E-03     0.0000E+00     0.7035E-01     0.0000E+00     0.1234E+05     0.8298E+03     0.1234E+05     0.9613E-03
   366    12    31  2008       1       0  cha1                 0.1656E-01     0.1609E-01     0.1656E-01     0.7159E-01     0.2277E-02     0.6645E+00     0.1139E-02     0.0000E+00     0.9519E-03     0.0000E+00     0.6634E+00     0.0000E+00     0.1405E+01     0.2021E+00     0.1220E-02     0.0000E+00     0.7895E-01     0.0000E+00     0.3348E+04     0.3254E+04     0.3348E+04     0.5978E-03
   366    12    31  2008       2       0  cha2                 0.5497E-01     0.4526E-01     0.5497E-01     0.2654E+00     0.5420E-06     0.1254E+00     0.2710E-06     0.0000E+00     0.1311E-06     0.0000E+00     0.1254E+00     0.0000E+00     0.8353E+00     0.1475E+00     0.3140E-02     0.0000E+00     0.4060E-01     0.0000E+00     0.4870E+05     0.4010E+05     0.4870E+05     0.4952E-04
   366    12    31  2008       3       0  cha3                 0.8840E-01     0.3071E-01     0.8840E-01     0.3935E+00     0.5044E-04     0.4436E+01     0.2522E-04     0.0000E+00     0.2569E-06     0.1653E+00     0.4271E+01     0.0000E+00     0.1292E+01     0.2472E+00     0.5260E-02     0.4499E-02     0.4706E+00     0.0000E+00     0.2267E+05     0.7878E+04     0.2267E+05     0.2810E-02
   366    12    31  2008       4       0  cha4                 0.5615E-01     0.5457E-01     0.5615E-01     0.2366E+00     0.5228E+00     0.2818E+00     0.2614E+00     0.0000E+00     0.2614E+00     0.0000E+00     0.2045E-01     0.0000E+00     0.1495E+01     0.2098E+00     0.1700E-02     0.0000E+00     0.2147E-02     0.0000E+00     0.9526E+04     0.9257E+04     0.9526E+04     0.1798E-03
   366    12    31  2008       5       0  cha5                 0.2246E+00     0.6295E-01     0.2246E+00     0.7129E+00     0.4858E+01     0.4554E+01     0.2429E+01     0.0000E+00     0.2419E+01     0.0000E+00     0.2124E+01     0.0000E+00     0.2222E+01     0.2667E+00     0.1020E-02     0.0000E+00     0.1058E+00     0.0000E+00     0.1235E+05     0.3461E+04     0.1235E+05     0.4683E-02
   366    12    31  2008       6       0  cha6                 0.2597E+00     0.1849E-01     0.2597E+00     0.6949E+00     0.5357E+01     0.5124E+01     0.2678E+01     0.0000E+00     0.1607E+01     0.0000E+00     0.2446E+01     0.0000E+00     0.2569E+01     0.2911E+00     0.8800E-03     0.0000E+00     0.9158E-01     0.0000E+00     0.9455E+04     0.6732E+03     0.9455E+04     0.2323E-02
   365    12    31  2009       1       0  cha1                 0.5557E-02     0.5259E-02     0.5580E-02     0.2403E-01     0.4645E-02     0.4168E+00     0.2323E-02     0.0000E+00     0.2323E-02     0.0000E+00     0.4145E+00     0.0000E+00     0.1405E+01     0.2021E+00     0.1220E-02     0.0000E+00     0.4958E-01     0.0000E+00     0.1121E+04     0.1061E+04     0.1125E+04     0.4593E-03
   365    12    31  2009       2       0  cha2                 0.3840E-01     0.3195E-01     0.3840E-01     0.1854E+00     0.5405E-06     0.2500E+00     0.2702E-06     0.0000E+00     0.1222E-06     0.0000E+00     0.2500E+00     0.0000E+00     0.8353E+00     0.1475E+00     0.3140E-02     0.0000E+00     0.8249E-01     0.0000E+00     0.3393E+05     0.2823E+05     0.3393E+05     0.1075E-03
   365    12    31  2009       3       0  cha3                 0.6281E-01     0.2430E-01     0.6281E-01     0.2796E+00     0.4622E-04     0.6220E+01     0.2311E-04     0.0000E+00     0.2351E-06     0.9869E-02     0.6210E+01     0.0000E+00     0.1292E+01     0.2474E+00     0.5260E-02     0.2687E-03     0.6828E+00     0.0000E+00     0.1607E+05     0.6216E+04     0.1607E+05     0.4504E-02
   365    12    31  2009       4       0  cha4                 0.4704E-01     0.4600E-01     0.4704E-01     0.1983E+00     0.4228E+00     0.2519E+00     0.2114E+00     0.0000E+00     0.2114E+00     0.0000E+00     0.4051E-01     0.0000E+00     0.1495E+01     0.2098E+00     0.1700E-02     0.0000E+00     0.4246E-02     0.0000E+00     0.7959E+04     0.7782E+04     0.7959E+04     0.2683E-03
   365    12    31  2009       5       0  cha5                 0.1770E+00     0.5409E-01     0.1770E+00     0.5617E+00     0.6546E+01     0.5048E+01     0.3273E+01     0.0000E+00     0.3257E+01     0.0000E+00     0.1775E+01     0.0000E+00     0.2222E+01     0.2667E+00     0.1020E-02     0.0000E+00     0.8812E-01     0.0000E+00     0.9703E+04     0.2966E+04     0.9703E+04     0.4231E-02
   365    12    31  2009       6       0  cha6                 0.1986E+00     0.1598E-01     0.1986E+00     0.5314E+00     0.5744E+01     0.4995E+01     0.2872E+01     0.0000E+00     0.1972E+01     0.0000E+00     0.2123E+01     0.0000E+00     0.2569E+01     0.2911E+00     0.8800E-03     0.0000E+00     0.7928E-01     0.0000E+00     0.7211E+04     0.5801E+03     0.7211E+04     0.1934E-02
   365    12    31  2010       1       0  cha1                 0.1258E-01     0.1193E-01     0.1255E-01     0.5438E-01     0.1014E+00     0.7020E+00     0.5072E-01     0.0000E+00     0.4469E-01     0.0000E+00     0.6513E+00     0.0000E+00     0.1405E+01     0.2021E+00     0.1220E-02     0.0000E+00     0.7761E-01     0.0000E+00     0.2536E+04     0.2407E+04     0.2532E+04     0.6309E-03
   365    12    31  2010       2       0  cha2                 0.5817E-01     0.4615E-01     0.5817E-01     0.2808E+00     0.5292E-02     0.2698E+00     0.2646E-02     0.0000E+00     0.3389E-03     0.0000E+00     0.2671E+00     0.0000E+00     0.8353E+00     0.1475E+00     0.3140E-02     0.0000E+00     0.8852E-01     0.0000E+00     0.5140E+05     0.4078E+05     0.5140E+05     0.1172E-03
   365    12    31  2010       3       0  cha3                 0.9366E-01     0.3366E-01     0.9366E-01     0.4169E+00     0.6919E-04     0.7594E+01     0.3460E-04     0.0000E+00     0.1749E-06     0.1979E+00     0.7397E+01     0.0000E+00     0.1292E+01     0.2528E+00     0.5260E-02     0.5387E-02     0.8062E+00     0.0000E+00     0.2396E+05     0.8610E+04     0.2396E+05     0.5148E-02
   365    12    31  2010       4       0  cha4                 0.7180E-01     0.6978E-01     0.7180E-01     0.3026E+00     0.2331E+01     0.1336E+01     0.1165E+01     0.0000E+00     0.1135E+01     0.0000E+00     0.1706E+00     0.0000E+00     0.1495E+01     0.2098E+00     0.1700E-02     0.0000E+00     0.1789E-01     0.0000E+00     0.1215E+05     0.1181E+05     0.1215E+05     0.1619E-02
   365    12    31  2010       5       0  cha5                 0.2541E+00     0.6710E-01     0.2541E+00     0.8066E+00     0.9133E+01     0.5280E+01     0.4567E+01     0.0000E+00     0.4495E+01     0.0000E+00     0.7133E+00     0.0000E+00     0.2222E+01     0.2667E+00     0.1020E-02     0.0000E+00     0.3513E-01     0.0000E+00     0.1393E+05     0.3679E+04     0.1393E+05     0.2551E-02
   365    12    31  2010       6       0  cha6                 0.2866E+00     0.1978E-01     0.2866E+00     0.7668E+00     0.6976E+01     0.4562E+01     0.3488E+01     0.0000E+00     0.3013E+01     0.0000E+00     0.1074E+01     0.0000E+00     0.2569E+01     0.2911E+00     0.8800E-03     0.0000E+00     0.3975E-01     0.0000E+00     0.1040E+05     0.7181E+03     0.1040E+05     0.9507E-03
   365    12    31  2011       1       0  cha1                 0.1483E-01     0.1383E-01     0.1485E-01     0.6412E-01     0.8510E+00     0.7771E+00     0.4255E+00     0.0000E+00     0.4192E+00     0.0000E+00     0.3516E+00     0.0000E+00     0.1405E+01     0.2021E+00     0.1220E-02     0.0000E+00     0.4170E-01     0.0000E+00     0.2991E+04     0.2789E+04     0.2996E+04     0.4569E-03
   365    12    31  2011       2       0  cha2                 0.4411E-01     0.3593E-01     0.4412E-01     0.2130E+00     0.8810E-02     0.2219E+00     0.4405E-02     0.0000E+00     0.4402E-02     0.0000E+00     0.2175E+00     0.0000E+00     0.8353E+00     0.1475E+00     0.3140E-02     0.0000E+00     0.7156E-01     0.0000E+00     0.3898E+05     0.3174E+05     0.3898E+05     0.9165E-04
   365    12    31  2011       3       0  cha3                 0.7360E-01     0.2478E-01     0.7361E-01     0.3276E+00     0.1487E+00     0.2494E+01     0.7434E-01     0.0000E+00     0.7429E-01     0.1504E+00     0.2270E+01     0.0000E+00     0.1292E+01     0.2569E+00     0.5260E-02     0.4094E-02     0.2382E+00     0.0000E+00     0.1883E+05     0.6338E+04     0.1883E+05     0.1454E-02
   365    12    31  2011       4       0  cha4                 0.5185E-01     0.4958E-01     0.5185E-01     0.2185E+00     0.2252E+01     0.1563E+01     0.1126E+01     0.0000E+00     0.1126E+01     0.0000E+00     0.4366E+00     0.0000E+00     0.1495E+01     0.2098E+00     0.1700E-02     0.0000E+00     0.4600E-01     0.0000E+00     0.8772E+04     0.8389E+04     0.8772E+04     0.1108E-02
   365    12    31  2011       5       0  cha5                 0.2072E+00     0.6757E-01     0.2072E+00     0.6576E+00     0.4877E+01     0.5303E+01     0.2439E+01     0.0000E+00     0.2223E+01     0.0000E+00     0.2865E+01     0.0000E+00     0.2222E+01     0.2667E+00     0.1020E-02     0.0000E+00     0.1412E+00     0.0000E+00     0.1136E+05     0.3705E+04     0.1136E+05     0.4589E-02
   365    12    31  2011       6       0  cha6                 0.2421E+00     0.1985E-01     0.2421E+00     0.6477E+00     0.7975E+01     0.7358E+01     0.3987E+01     0.0000E+00     0.2431E+01     0.0000E+00     0.3371E+01     0.0000E+00     0.2569E+01     0.2911E+00     0.8800E-03     0.0000E+00     0.1252E+00     0.0000E+00     0.8788E+04     0.7205E+03     0.8788E+04     0.2304E-02
   366    12    31  2012       1       0  cha1                 0.1524E-01     0.1471E-01     0.1521E-01     0.6588E-01     0.1642E-01     0.1004E+01     0.8210E-02     0.0000E+00     0.8602E-03     0.0000E+00     0.9962E+00     0.0000E+00     0.1405E+01     0.2021E+00     0.1220E-02     0.0000E+00     0.1184E+00     0.0000E+00     0.3082E+04     0.2974E+04     0.3077E+04     0.8222E-03
   366    12    31  2012       2       0  cha2                 0.5769E-01     0.4715E-01     0.5769E-01     0.2785E+00     0.5420E-06     0.2423E+00     0.2710E-06     0.0000E+00     0.8959E-07     0.0000E+00     0.2423E+00     0.0000E+00     0.8353E+00     0.1475E+00     0.3140E-02     0.0000E+00     0.7893E-01     0.0000E+00     0.5112E+05     0.4177E+05     0.5111E+05     0.9684E-04
   366    12    31  2012       3       0  cha3                 0.9214E-01     0.3237E-01     0.9214E-01     0.4101E+00     0.5716E-04     0.7310E+01     0.2858E-04     0.0000E+00     0.1995E-06     0.1946E+00     0.7115E+01     0.0000E+00     0.1292E+01     0.2622E+00     0.5260E-02     0.5298E-02     0.7381E+00     0.0000E+00     0.2363E+05     0.8302E+04     0.2363E+05     0.4764E-02
   366    12    31  2012       4       0  cha4                 0.6954E-01     0.6773E-01     0.6954E-01     0.2931E+00     0.1104E+01     0.1074E+01     0.5522E+00     0.0000E+00     0.5522E+00     0.0000E+00     0.5216E+00     0.0000E+00     0.1495E+01     0.2098E+00     0.1700E-02     0.0000E+00     0.5465E-01     0.0000E+00     0.1180E+05     0.1149E+05     0.1180E+05     0.8506E-03
   366    12    31  2012       5       0  cha5                 0.2458E+00     0.6519E-01     0.2458E+00     0.7803E+00     0.8632E+01     0.5185E+01     0.4316E+01     0.0000E+00     0.4237E+01     0.0000E+00     0.8695E+00     0.0000E+00     0.2222E+01     0.2667E+00     0.1020E-02     0.0000E+00     0.4296E-01     0.0000E+00     0.1351E+05     0.3584E+04     0.1351E+05     0.2729E-02
   366    12    31  2012       6       0  cha6                 0.2804E+00     0.1925E-01     0.2804E+00     0.7503E+00     0.6972E+01     0.4934E+01     0.3486E+01     0.0000E+00     0.2945E+01     0.0000E+00     0.1448E+01     0.0000E+00     0.2569E+01     0.2911E+00     0.8800E-03     0.0000E+00     0.5365E-01     0.0000E+00     0.1021E+05     0.7008E+03     0.1021E+05     0.1118E-02
   365    12    31  2013       1       0  cha1                 0.1102E-01     0.1067E-01     0.1105E-01     0.4765E-01     0.3434E-01     0.6328E+00     0.1717E-01     0.0000E+00     0.1104E-01     0.0000E+00     0.6157E+00     0.0000E+00     0.1405E+01     0.2021E+00     0.1220E-02     0.0000E+00     0.7266E-01     0.0000E+00     0.2223E+04     0.2152E+04     0.2228E+04     0.4616E-03
   365    12    31  2013       2       0  cha2                 0.3820E-01     0.3060E-01     0.3820E-01     0.1844E+00     0.5405E-06     0.2508E+00     0.2702E-06     0.0000E+00     0.1592E-06     0.0000E+00     0.2508E+00     0.0000E+00     0.8353E+00     0.1475E+00     0.3140E-02     0.0000E+00     0.8348E-01     0.0000E+00     0.3375E+05     0.2704E+05     0.3376E+05     0.1126E-03
   365    12    31  2013       3       0  cha3                 0.6099E-01     0.2240E-01     0.6099E-01     0.2715E+00     0.3648E-04     0.4609E+01     0.1824E-04     0.0000E+00     0.3171E-06     0.2724E+00     0.4337E+01     0.0000E+00     0.1292E+01     0.2696E+00     0.5260E-02     0.7415E-02     0.4354E+00     0.0000E+00     0.1560E+05     0.5730E+04     0.1560E+05     0.2714E-02
   365    12    31  2013       4       0  cha4                 0.4875E-01     0.4758E-01     0.4875E-01     0.2054E+00     0.5653E+00     0.7970E+00     0.2826E+00     0.0000E+00     0.2725E+00     0.0000E+00     0.5144E+00     0.0000E+00     0.1495E+01     0.2098E+00     0.1700E-02     0.0000E+00     0.5403E-01     0.0000E+00     0.8247E+04     0.8050E+04     0.8247E+04     0.9734E-03
   365    12    31  2013       5       0  cha5                 0.1837E+00     0.6058E-01     0.1837E+00     0.5832E+00     0.5577E+01     0.5231E+01     0.2788E+01     0.0000E+00     0.2619E+01     0.0000E+00     0.2443E+01     0.0000E+00     0.2222E+01     0.2667E+00     0.1020E-02     0.0000E+00     0.1207E+00     0.0000E+00     0.1007E+05     0.3322E+04     0.1007E+05     0.4537E-02
   365    12    31  2013       6       0  cha6                 0.2127E+00     0.1781E-01     0.2127E+00     0.5690E+00     0.6407E+01     0.6357E+01     0.3204E+01     0.0000E+00     0.1822E+01     0.0000E+00     0.3153E+01     0.0000E+00     0.2569E+01     0.2911E+00     0.8800E-03     0.0000E+00     0.1171E+00     0.0000E+00     0.7721E+04     0.6467E+03     0.7721E+04     0.2213E-02
   365    12    31  2014       1       0  cha1                 0.4495E-03     0.3630E-03     0.4489E-03     0.1944E-02     0.7758E-03     0.3247E-01     0.3879E-03     0.0000E+00     0.3879E-03     0.0000E+00     0.3208E-01     0.0000E+00     0.1405E+01     0.2021E+00     0.1220E-02     0.0000E+00     0.3858E-02     0.0000E+00     0.9067E+02     0.7321E+02     0.9055E+02     0.7266E-04
   365    12    31  2014       2       0  cha2                 0.1142E-01     0.8736E-02     0.1142E-01     0.5514E-01     0.5405E-06     0.1914E+00     0.2702E-06     0.0000E+00     0.2155E-06     0.0000E+00     0.1914E+00     0.0000E+00     0.8353E+00     0.1475E+00     0.3140E-02     0.0000E+00     0.6305E-01     0.0000E+00     0.1009E+05     0.7719E+04     0.1009E+05     0.8226E-04
   365    12    31  2014       3       0  cha3                 0.1928E-01     0.8539E-02     0.1931E-01     0.8582E-01     0.1282E-04     0.2518E+01     0.6409E-05     0.0000E+00     0.4032E-06     0.0000E+00     0.2518E+01     0.0000E+00     0.1292E+01     0.2696E+00     0.5260E-02     0.0000E+00     0.2543E+00     0.0000E+00     0.4932E+04     0.2184E+04     0.4940E+04     0.1916E-02
   365    12    31  2014       4       0  cha4                 0.2822E-01     0.2772E-01     0.2827E-01     0.1189E+00     0.4817E-01     0.2436E-01     0.2408E-01     0.0000E+00     0.2408E-01     0.0000E+00     0.2718E-03     0.0000E+00     0.1495E+01     0.2098E+00     0.1700E-02     0.0000E+00     0.2997E-04     0.0000E+00     0.4774E+04     0.4689E+04     0.4782E+04     0.8803E-04
   365    12    31  2014       5       0  cha5                 0.8467E-01     0.3131E-01     0.8467E-01     0.2688E+00     0.2577E+01     0.2329E+01     0.1289E+01     0.0000E+00     0.1275E+01     0.0000E+00     0.1040E+01     0.0000E+00     0.2222E+01     0.2667E+00     0.1020E-02     0.0000E+00     0.5198E-01     0.0000E+00     0.4642E+04     0.1717E+04     0.4642E+04     0.2668E-02
   365    12    31  2014       6       0  cha6                 0.1005E+00     0.1534E-01     0.1005E+00     0.2689E+00     0.2386E+01     0.2724E+01     0.1193E+01     0.0000E+00     0.6799E+00     0.0000E+00     0.1531E+01     0.0000E+00     0.2569E+01     0.2911E+00     0.8800E-03     0.0000E+00     0.5743E-01     0.0000E+00     0.3648E+04     0.5569E+03     0.3648E+04     0.1517E-02
   365    12    31  2015       1       0  cha1                 0.2318E-02     0.2048E-02     0.2315E-02     0.1002E-01     0.1199E-02     0.1734E+00     0.5997E-03     0.0000E+00     0.5996E-03     0.0000E+00     0.1728E+00     0.0000E+00     0.1405E+01     0.2021E+00     0.1220E-02     0.0000E+00     0.2074E-01     0.0000E+00     0.4676E+03     0.4130E+03     0.4669E+03     0.1948E-03
   365    12    31  2015       2       0  cha2                 0.2239E-01     0.1802E-01     0.2238E-01     0.1081E+00     0.5405E-06     0.1379E+00     0.2702E-06     0.0000E+00     0.1814E-06     0.0000E+00     0.1379E+00     0.0000E+00     0.8353E+00     0.1475E+00     0.3140E-02     0.0000E+00     0.4482E-01     0.0000E+00     0.1978E+05     0.1592E+05     0.1977E+05     0.5383E-04
   365    12    31  2015       3       0  cha3                 0.3896E-01     0.1541E-01     0.3892E-01     0.1734E+00     0.2990E-04     0.4572E+01     0.1495E-04     0.0000E+00     0.3225E-06     0.0000E+00     0.4572E+01     0.0000E+00     0.1292E+01     0.2696E+00     0.5260E-02     0.0000E+00     0.4620E+00     0.0000E+00     0.9965E+04     0.3942E+04     0.9957E+04     0.3387E-02
   365    12    31  2015       4       0  cha4                 0.3718E-01     0.3662E-01     0.3713E-01     0.1567E+00     0.3005E+00     0.3008E+00     0.1502E+00     0.0000E+00     0.1502E+00     0.0000E+00     0.1505E+00     0.0000E+00     0.1495E+01     0.2098E+00     0.1700E-02     0.0000E+00     0.1576E-01     0.0000E+00     0.6290E+04     0.6195E+04     0.6282E+04     0.2273E-03
   365    12    31  2015       5       0  cha5                 0.1262E+00     0.3936E-01     0.1262E+00     0.4006E+00     0.4940E+01     0.3591E+01     0.2470E+01     0.0000E+00     0.2467E+01     0.0000E+00     0.1121E+01     0.0000E+00     0.2222E+01     0.2667E+00     0.1020E-02     0.0000E+00     0.5588E-01     0.0000E+00     0.6920E+04     0.2158E+04     0.6920E+04     0.3140E-02
   365    12    31  2015       6       0  cha6                 0.1438E+00     0.1520E-01     0.1438E+00     0.3847E+00     0.3833E+01     0.3582E+01     0.1917E+01     0.0000E+00     0.1356E+01     0.0000E+00     0.1665E+01     0.0000E+00     0.2569E+01     0.2911E+00     0.8800E-03     0.0000E+00     0.6228E-01     0.0000E+00     0.5219E+04     0.5517E+03     0.5219E+04     0.1605E-02
   366    12    31  2016       1       0  cha1                 0.6783E-02     0.6346E-02     0.6761E-02     0.2933E-01     0.9730E-01     0.5243E+00     0.4865E-01     0.0000E+00     0.4236E-01     0.0000E+00     0.4757E+00     0.0000E+00     0.1405E+01     0.2021E+00     0.1220E-02     0.0000E+00     0.5676E-01     0.0000E+00     0.1372E+04     0.1283E+04     0.1367E+04     0.5221E-03
   366    12    31  2016       2       0  cha2                 0.3825E-01     0.2825E-01     0.3825E-01     0.1846E+00     0.5420E-06     0.3879E+00     0.2710E-06     0.0000E+00     0.1207E-06     0.0000E+00     0.3879E+00     0.0000E+00     0.8353E+00     0.1475E+00     0.3140E-02     0.0000E+00     0.1265E+00     0.0000E+00     0.3389E+05     0.2503E+05     0.3389E+05     0.1561E-03
   366    12    31  2016       3       0  cha3                 0.6290E-01     0.2230E-01     0.6290E-01     0.2800E+00     0.4433E-03     0.6030E+01     0.2217E-03     0.0000E+00     0.1963E-03     0.3947E-01     0.5990E+01     0.0000E+00     0.1292E+01     0.2707E+00     0.5260E-02     0.1075E-02     0.6032E+00     0.0000E+00     0.1614E+05     0.5721E+04     0.1613E+05     0.4292E-02
   366    12    31  2016       4       0  cha4                 0.6070E-01     0.5912E-01     0.6070E-01     0.2558E+00     0.1994E+01     0.1288E+01     0.9972E+00     0.0000E+00     0.9943E+00     0.0000E+00     0.2912E+00     0.0000E+00     0.1495E+01     0.2098E+00     0.1700E-02     0.0000E+00     0.3056E-01     0.0000E+00     0.1030E+05     0.1003E+05     0.1030E+05     0.1094E-02
   366    12    31  2016       5       0  cha5                 0.1979E+00     0.5782E-01     0.1979E+00     0.6281E+00     0.7625E+01     0.4663E+01     0.3812E+01     0.0000E+00     0.3767E+01     0.0000E+00     0.8506E+00     0.0000E+00     0.2222E+01     0.2667E+00     0.1020E-02     0.0000E+00     0.4213E-01     0.0000E+00     0.1088E+05     0.3179E+04     0.1088E+05     0.2717E-02
   366    12    31  2016       6       0  cha6                 0.2220E+00     0.1728E-01     0.2220E+00     0.5940E+00     0.5922E+01     0.4199E+01     0.2961E+01     0.0000E+00     0.2461E+01     0.0000E+00     0.1239E+01     0.0000E+00     0.2569E+01     0.2911E+00     0.8800E-03     0.0000E+00     0.4604E-01     0.0000E+00     0.8082E+04     0.6292E+03     0.8082E+04     0.1119E-02
   365    12    31  2017       1       0  cha1                 0.3139E-01     0.3045E-01     0.3139E-01     0.1357E+00     0.5103E-02     0.9777E+00     0.2551E-02     0.0000E+00     0.1678E-02     0.0000E+00     0.9751E+00     0.0000E+00     0.1405E+01     0.2021E+00     0.1220E-02     0.0000E+00     0.1158E+00     0.0000E+00     0.6330E+04     0.6142E+04     0.6330E+04     0.7967E-03
   365    12    31  2017       2       0  cha2                 0.1059E+00     0.8362E-01     0.1059E+00     0.5112E+00     0.5405E-06     0.2121E+00     0.2702E-06     0.0000E+00     0.4368E-07     0.0000E+00     0.2121E+00     0.0000E+00     0.8353E+00     0.1475E+00     0.3140E-02     0.0000E+00     0.6873E-01     0.0000E+00     0.9355E+05     0.7388E+05     0.9355E+05     0.8231E-04
   365    12    31  2017       3       0  cha3                 0.1676E+00     0.5629E-01     0.1676E+00     0.7461E+00     0.7250E+00     0.7453E+01     0.3625E+00     0.0000E+00     0.3624E+00     0.2856E+00     0.6805E+01     0.0000E+00     0.1292E+01     0.2785E+00     0.5260E-02     0.7776E-02     0.6677E+00     0.0000E+00     0.4288E+05     0.1440E+05     0.4288E+05     0.4460E-02
   365    12    31  2017       4       0  cha4                 0.1068E+00     0.1017E+00     0.1068E+00     0.4499E+00     0.4632E+01     0.2396E+01     0.2316E+01     0.0000E+00     0.2306E+01     0.0000E+00     0.8031E-01     0.0000E+00     0.1495E+01     0.2098E+00     0.1700E-02     0.0000E+00     0.8453E-02     0.0000E+00     0.1806E+05     0.1720E+05     0.1806E+05     0.1056E-02
   365    12    31  2017       5       0  cha5                 0.4018E+00     0.9475E-01     0.4018E+00     0.1275E+01     0.1030E+02     0.5826E+01     0.5148E+01     0.0000E+00     0.5114E+01     0.0000E+00     0.6788E+00     0.0000E+00     0.2222E+01     0.2667E+00     0.1020E-02     0.0000E+00     0.3343E-01     0.0000E+00     0.2203E+05     0.5195E+04     0.2203E+05     0.2213E-02
   365    12    31  2017       6       0  cha6                 0.4612E+00     0.2793E-01     0.4612E+00     0.1234E+01     0.7431E+01     0.4483E+01     0.3715E+01     0.0000E+00     0.3357E+01     0.0000E+00     0.7672E+00     0.0000E+00     0.2569E+01     0.2911E+00     0.8800E-03     0.0000E+00     0.2847E-01     0.0000E+00     0.1675E+05     0.1014E+04     0.1675E+05     0.7398E-03
   365    12    31  2018       1       0  cha1                 0.1332E-01     0.1313E-01     0.1334E-01     0.5758E-01     0.1782E-02     0.1252E+00     0.8911E-03     0.0000E+00     0.8909E-03     0.0000E+00     0.1243E+00     0.0000E+00     0.1405E+01     0.2021E+00     0.1220E-02     0.0000E+00     0.1466E-01     0.0000E+00     0.2686E+04     0.2648E+04     0.2691E+04     0.1270E-03
   365    12    31  2018       2       0  cha2                 0.3998E-01     0.3441E-01     0.3999E-01     0.1930E+00     0.5405E-06     0.1659E+00     0.2702E-06     0.0000E+00     0.1932E-06     0.0000E+00     0.1659E+00     0.0000E+00     0.8353E+00     0.1475E+00     0.3140E-02     0.0000E+00     0.5478E-01     0.0000E+00     0.3532E+05     0.3040E+05     0.3533E+05     0.7186E-04
   365    12    31  2018       3       0  cha3                 0.6904E-01     0.2817E-01     0.6907E-01     0.3073E+00     0.1787E-04     0.2637E+01     0.8935E-05     0.0000E+00     0.3280E-06     0.8325E-01     0.2553E+01     0.0000E+00     0.1292E+01     0.2807E+00     0.5260E-02     0.2266E-02     0.2460E+00     0.0000E+00     0.1766E+05     0.7206E+04     0.1767E+05     0.1842E-02
   365    12    31  2018       4       0  cha4                 0.5602E-01     0.5506E-01     0.5606E-01     0.2361E+00     0.4083E+00     0.3249E+00     0.2041E+00     0.0000E+00     0.2021E+00     0.0000E+00     0.1207E+00     0.0000E+00     0.1495E+01     0.2098E+00     0.1700E-02     0.0000E+00     0.1266E-01     0.0000E+00     0.9477E+04     0.9315E+04     0.9485E+04     0.3566E-03
   365    12    31  2018       5       0  cha5                 0.1892E+00     0.5521E-01     0.1892E+00     0.6005E+00     0.3031E+01     0.2518E+01     0.1516E+01     0.0000E+00     0.1471E+01     0.0000E+00     0.1003E+01     0.0000E+00     0.2222E+01     0.2667E+00     0.1020E-02     0.0000E+00     0.4984E-01     0.0000E+00     0.1037E+05     0.3027E+04     0.1037E+05     0.2373E-02
   365    12    31  2018       6       0  cha6                 0.2230E+00     0.2044E-01     0.2230E+00     0.5968E+00     0.2716E+01     0.2923E+01     0.1358E+01     0.0000E+00     0.8778E+00     0.0000E+00     0.1565E+01     0.0000E+00     0.2569E+01     0.2911E+00     0.8800E-03     0.0000E+00     0.5853E-01     0.0000E+00     0.8097E+04     0.7422E+03     0.8097E+04     0.1374E-02
   365    12    31  2019       1       0  cha1                 0.5844E-02     0.5435E-02     0.5818E-02     0.2527E-01     0.2523E-02     0.3942E+00     0.1262E-02     0.0000E+00     0.1193E-02     0.0000E+00     0.3930E+00     0.0000E+00     0.1405E+01     0.2021E+00     0.1220E-02     0.0000E+00     0.4684E-01     0.0000E+00     0.1179E+04     0.1096E+04     0.1173E+04     0.3863E-03
   365    12    31  2019       2       0  cha2                 0.3105E-01     0.2488E-01     0.3104E-01     0.1499E+00     0.5405E-06     0.2338E+00     0.2702E-06     0.0000E+00     0.1555E-06     0.0000E+00     0.2338E+00     0.0000E+00     0.8353E+00     0.1475E+00     0.3140E-02     0.0000E+00     0.7766E-01     0.0000E+00     0.2743E+05     0.2199E+05     0.2743E+05     0.1027E-03
   365    12    31  2019       3       0  cha3                 0.5434E-01     0.2220E-01     0.5430E-01     0.2419E+00     0.3031E-04     0.6300E+01     0.1515E-04     0.0000E+00     0.2665E-06     0.4897E-01     0.6251E+01     0.0000E+00     0.1292E+01     0.2821E+00     0.5260E-02     0.1333E-02     0.6030E+00     0.0000E+00     0.1390E+05     0.5678E+04     0.1389E+05     0.4497E-02
   365    12    31  2019       4       0  cha4                 0.4597E-01     0.4521E-01     0.4592E-01     0.1937E+00     0.1307E+00     0.2264E+00     0.6537E-01     0.0000E+00     0.6535E-01     0.0000E+00     0.1611E+00     0.0000E+00     0.1495E+01     0.2098E+00     0.1700E-02     0.0000E+00     0.1689E-01     0.0000E+00     0.7778E+04     0.7648E+04     0.7770E+04     0.2314E-03
   365    12    31  2019       5       0  cha5                 0.1639E+00     0.4880E-01     0.1639E+00     0.5201E+00     0.6743E+01     0.4696E+01     0.3371E+01     0.0000E+00     0.3335E+01     0.0000E+00     0.1324E+01     0.0000E+00     0.2222E+01     0.2667E+00     0.1020E-02     0.0000E+00     0.6595E-01     0.0000E+00     0.8984E+04     0.2676E+04     0.8984E+04     0.3831E-02
   365    12    31  2019       6       0  cha6                 0.1856E+00     0.1583E-01     0.1856E+00     0.4965E+00     0.5198E+01     0.4326E+01     0.2599E+01     0.0000E+00     0.1928E+01     0.0000E+00     0.1727E+01     0.0000E+00     0.2569E+01     0.2911E+00     0.8800E-03     0.0000E+00     0.6461E-01     0.0000E+00     0.6737E+04     0.5746E+03     0.6737E+04     0.1748E-02
   366    12    31  2020       1       0  cha1                 0.1484E-01     0.1452E-01     0.1487E-01     0.6417E-01     0.1486E-02     0.4292E+00     0.7432E-03     0.0000E+00     0.6564E-03     0.0000E+00     0.4285E+00     0.0000E+00     0.1405E+01     0.2021E+00     0.1220E-02     0.0000E+00     0.5091E-01     0.0000E+00     0.3001E+04     0.2937E+04     0.3007E+04     0.4046E-03
   366    12    31  2020       2       0  cha2                 0.4642E-01     0.3931E-01     0.4642E-01     0.2241E+00     0.5420E-06     0.7196E-01     0.2710E-06     0.0000E+00     0.1651E-06     0.0000E+00     0.7196E-01     0.0000E+00     0.8353E+00     0.1475E+00     0.3140E-02     0.0000E+00     0.2406E-01     0.0000E+00     0.4113E+05     0.3482E+05     0.4113E+05     0.3274E-04
   366    12    31  2020       3       0  cha3                 0.7351E-01     0.2605E-01     0.7354E-01     0.3272E+00     0.1074E+00     0.3102E+01     0.5369E-01     0.0000E+00     0.5366E-01     0.1156E+00     0.2933E+01     0.0000E+00     0.1292E+01     0.2852E+00     0.5260E-02     0.3147E-02     0.2783E+00     0.0000E+00     0.1885E+05     0.6681E+04     0.1886E+05     0.1949E-02
   366    12    31  2020       4       0  cha4                 0.4632E-01     0.4504E-01     0.4633E-01     0.1952E+00     0.8677E+00     0.4443E+00     0.4339E+00     0.0000E+00     0.4338E+00     0.0000E+00     0.1041E-01     0.0000E+00     0.1495E+01     0.2098E+00     0.1700E-02     0.0000E+00     0.1099E-02     0.0000E+00     0.7857E+04     0.7641E+04     0.7860E+04     0.3203E-03
   366    12    31  2020       5       0  cha5                 0.1949E+00     0.6118E-01     0.1949E+00     0.6187E+00     0.3662E+01     0.4679E+01     0.1831E+01     0.0000E+00     0.1814E+01     0.0000E+00     0.2848E+01     0.0000E+00     0.2222E+01     0.2667E+00     0.1020E-02     0.0000E+00     0.1415E+00     0.0000E+00     0.1072E+05     0.3364E+04     0.1072E+05     0.5550E-02
   366    12    31  2020       6       0  cha6                 0.2278E+00     0.1799E-01     0.2278E+00     0.6096E+00     0.5221E+01     0.5832E+01     0.2611E+01     0.0000E+00     0.1191E+01     0.0000E+00     0.3222E+01     0.0000E+00     0.2569E+01     0.2911E+00     0.8800E-03     0.0000E+00     0.1204E+00     0.0000E+00     0.8294E+04     0.6550E+03     0.8294E+04     0.2812E-02
   365    12    31  2021       1       0  cha1                 0.2041E-02     0.1809E-02     0.2041E-02     0.8827E-02     0.2363E-01     0.1655E+00     0.1182E-01     0.0000E+00     0.1182E-01     0.0000E+00     0.1537E+00     0.0000E+00     0.1405E+01     0.2021E+00     0.1220E-02     0.0000E+00     0.1844E-01     0.0000E+00     0.4117E+03     0.3649E+03     0.4117E+03     0.2288E-03
   365    12    31  2021       2       0  cha2                 0.2043E-01     0.1647E-01     0.2043E-01     0.9863E-01     0.5405E-06     0.9149E-01     0.2702E-06     0.0000E+00     0.1925E-06     0.0000E+00     0.9149E-01     0.0000E+00     0.8353E+00     0.1475E+00     0.3140E-02     0.0000E+00     0.3011E-01     0.0000E+00     0.1805E+05     0.1455E+05     0.1805E+05     0.3776E-04
   365    12    31  2021       3       0  cha3                 0.3449E-01     0.1308E-01     0.3449E-01     0.1535E+00     0.2436E-04     0.3974E+01     0.1218E-04     0.0000E+00     0.3526E-06     0.0000E+00     0.3974E+01     0.0000E+00     0.1292E+01     0.2852E+00     0.5260E-02     0.0000E+00     0.3792E+00     0.0000E+00     0.8823E+04     0.3345E+04     0.8823E+04     0.2959E-02
   365    12    31  2021       4       0  cha4                 0.3556E-01     0.3474E-01     0.3554E-01     0.1498E+00     0.7511E+00     0.5261E+00     0.3756E+00     0.0000E+00     0.3755E+00     0.0000E+00     0.1506E+00     0.0000E+00     0.1495E+01     0.2098E+00     0.1700E-02     0.0000E+00     0.1577E-01     0.0000E+00     0.6016E+04     0.5878E+04     0.6013E+04     0.3359E-03
   365    12    31  2021       5       0  cha5                 0.1206E+00     0.4094E-01     0.1206E+00     0.3827E+00     0.4786E+01     0.3953E+01     0.2393E+01     0.0000E+00     0.2317E+01     0.0000E+00     0.1560E+01     0.0000E+00     0.2222E+01     0.2667E+00     0.1020E-02     0.0000E+00     0.7772E-01     0.0000E+00     0.6610E+04     0.2245E+04     0.6610E+04     0.4112E-02
   365    12    31  2021       6       0  cha6                 0.1373E+00     0.1463E-01     0.1373E+00     0.3674E+00     0.4804E+01     0.4449E+01     0.2402E+01     0.0000E+00     0.1594E+01     0.0000E+00     0.2046E+01     0.0000E+00     0.2569E+01     0.2911E+00     0.8800E-03     0.0000E+00     0.7665E-01     0.0000E+00     0.4985E+04     0.5311E+03     0.4985E+04     0.2087E-02
