 Mini_CREATE               SWAT+ Jan 11 2024        MODULAR Rev 2024.61.0                                 
        jday        mon        day         yr            unit              gis_id     name                plant_c    res_decay_c    harv_stov_c         emit_c
                                                                                                          kg C/ha        kg C/ha        kg C/ha        kg C/ha
         365          12          31        2021           1                     0 hru001            1.9996472E+08  0.0000000E+00  0.0000000E+00  0.0000000E+00
         365          12          31        2021           2                     0 hru002            2.0178075E+08  0.0000000E+00  0.0000000E+00  0.0000000E+00
         365          12          31        2021           3                     0 hru003            5.0790662E+08  0.0000000E+00  0.0000000E+00  0.0000000E+00
         365          12          31        2021           4                     0 hru004            5.2863638E+08  0.0000000E+00  0.0000000E+00  0.0000000E+00
         365          12          31        2021           5                     0 hru005            5.2393126E+08  0.0000000E+00  0.0000000E+00  0.0000000E+00
         365          12          31        2021           6                     0 hru006            5.2821798E+08  0.0000000E+00  0.0000000E+00  0.0000000E+00
         365          12          31        2021           7                     0 hru007            5.2380550E+08  0.0000000E+00  0.0000000E+00  0.0000000E+00
         365          12          31        2021           8                     0 hru008            5.2869360E+08  0.0000000E+00  0.0000000E+00  0.0000000E+00
         365          12          31        2021           9                     0 hru009            4.8015011E+08  0.0000000E+00  0.0000000E+00  0.0000000E+00
         365          12          31        2021          10                     0 hru010            5.3816774E+08  0.0000000E+00  0.0000000E+00  0.0000000E+00
         365          12          31        2021          11                     0 hru011            5.1573280E+08  0.0000000E+00  0.0000000E+00  0.0000000E+00
         365          12          31        2021          12                     0 hru012            5.1558637E+08  0.0000000E+00  0.0000000E+00  0.0000000E+00
         365          12          31        2021          13                     0 hru013            5.1578931E+08  0.0000000E+00  0.0000000E+00  0.0000000E+00
         365          12          31        2021          14                     0 hru014            5.1576243E+08  0.0000000E+00  0.0000000E+00  0.0000000E+00
         365          12          31        2021          15                     0 hru015            5.1589123E+08  0.0000000E+00  0.0000000E+00  0.0000000E+00
         365          12          31        2021          16                     0 hru016            5.0302656E+08  0.0000000E+00  0.0000000E+00  0.0000000E+00
         365          12          31        2021          17                     0 hru017            5.1675043E+08  0.0000000E+00  0.0000000E+00  0.0000000E+00
         365          12          31        2021          18                     0 hru018            4.9230096E+08  0.0000000E+00  0.0000000E+00  0.0000000E+00
         365          12          31        2021          19                     0 hru019            5.1318749E+08  0.0000000E+00  0.0000000E+00  0.0000000E+00
         365          12          31        2021          20                     0 hru020            4.9818720E+08  0.0000000E+00  0.0000000E+00  0.0000000E+00
         365          12          31        2021          21                     0 hru021            5.0804349E+08  0.0000000E+00  0.0000000E+00  0.0000000E+00
         365          12          31        2021          22                     0 hru022            5.0804576E+08  0.0000000E+00  0.0000000E+00  0.0000000E+00
         365          12          31        2021          23                     0 hru023            6.2030214E+08  0.0000000E+00  0.0000000E+00  0.0000000E+00
         365          12          31        2021          24                     0 hru024            6.2026662E+08  0.0000000E+00  0.0000000E+00  0.0000000E+00
         365          12          31        2021          25                     0 hru025            5.0802394E+08  0.0000000E+00  0.0000000E+00  0.0000000E+00
         365          12          31        2021          26                     0 hru026            5.0802893E+08  0.0000000E+00  0.0000000E+00  0.0000000E+00
         365          12          31        2021          27                     0 hru027            4.9956483E+08  0.0000000E+00  0.0000000E+00  0.0000000E+00
         365          12          31        2021          28                     0 hru028            5.0801750E+08  0.0000000E+00  0.0000000E+00  0.0000000E+00
         365          12          31        2021          29                     0 hru029            5.0591242E+08  0.0000000E+00  0.0000000E+00  0.0000000E+00
         365          12          31        2021          30                     0 hru030            4.8849117E+08  0.0000000E+00  0.0000000E+00  0.0000000E+00
         365          12          31        2021          31                     0 hru031            4.9455699E+08  0.0000000E+00  0.0000000E+00  0.0000000E+00
         365          12          31        2021          32                     0 hru032            1.4010252E+07  0.0000000E+00  0.0000000E+00  0.0000000E+00
         365          12          31        2021          33                     0 hru033             1380128.      0.0000000E+00  0.0000000E+00  0.0000000E+00
         365          12          31        2021          34                     0 hru034            2.2089749E+08  0.0000000E+00  0.0000000E+00  0.0000000E+00
         365          12          31        2021          35                     0 hru035            2.1717410E+08  0.0000000E+00  0.0000000E+00  0.0000000E+00
         365          12          31        2021          36                     0 hru036            2.1716850E+08  0.0000000E+00  0.0000000E+00  0.0000000E+00
         365          12          31        2021          37                     0 hru037            2.2305290E+08  0.0000000E+00  0.0000000E+00  0.0000000E+00
         365          12          31        2021          38                     0 hru038            2.1717272E+08  0.0000000E+00  0.0000000E+00  0.0000000E+00
         365          12          31        2021          39                     0 hru039            2.1717469E+08  0.0000000E+00  0.0000000E+00  0.0000000E+00
         365          12          31        2021          40                     0 hru040            1.0486325E+08  0.0000000E+00  0.0000000E+00  0.0000000E+00
         365          12          31        2021          41                     0 hru041            2.1972106E+08  0.0000000E+00  0.0000000E+00  0.0000000E+00
         365          12          31        2021          42                     0 hru042            2.2145072E+08  0.0000000E+00  0.0000000E+00  0.0000000E+00
         365          12          31        2021          43                     0 hru043            3.7620525E+08  0.0000000E+00  0.0000000E+00  0.0000000E+00
         365          12          31        2021          44                     0 hru044            7.2570912E+08  0.0000000E+00  0.0000000E+00  0.0000000E+00
         365          12          31        2021          45                     0 hru045            3.7638170E+08  0.0000000E+00  0.0000000E+00  0.0000000E+00
         365          12          31        2021          46                     0 hru046            3.7666883E+08  0.0000000E+00  0.0000000E+00  0.0000000E+00
         365          12          31        2021          47                     0 hru047            3.8209098E+08  0.0000000E+00  0.0000000E+00  0.0000000E+00
         365          12          31        2021          48                     0 hru048            3.8194966E+08  0.0000000E+00  0.0000000E+00  0.0000000E+00
         365          12          31        2021          49                     0 hru049            3.9012918E+08  0.0000000E+00  0.0000000E+00  0.0000000E+00
         365          12          31        2021          50                     0 hru050            3.9107184E+08  0.0000000E+00  0.0000000E+00  0.0000000E+00
         365          12          31        2021          51                     0 hru051            3.9101782E+08  0.0000000E+00  0.0000000E+00  0.0000000E+00
         365          12          31        2021          52                     0 hru052            3.9318320E+08  0.0000000E+00  0.0000000E+00  0.0000000E+00
         365          12          31        2021          53                     0 hru053            5.8650170E+08  0.0000000E+00  0.0000000E+00  0.0000000E+00
         365          12          31        2021          54                     0 hru054            3.9107680E+08  0.0000000E+00  0.0000000E+00  0.0000000E+00
         365          12          31        2021          55                     0 hru055             5988362.      0.0000000E+00  0.0000000E+00  0.0000000E+00
         365          12          31        2021          56                     0 hru056             6450044.      0.0000000E+00  0.0000000E+00  0.0000000E+00
         365          12          31        2021          57                     0 hru057             3020926.      0.0000000E+00  0.0000000E+00  0.0000000E+00
         365          12          31        2021          58                     0 hru058             4270200.      0.0000000E+00  0.0000000E+00  0.0000000E+00
         365          12          31        2021          59                     0 hru059             2916522.      0.0000000E+00  0.0000000E+00  0.0000000E+00
         365          12          31        2021          60                     0 hru060             5253276.      0.0000000E+00  0.0000000E+00  0.0000000E+00
         365          12          31        2021          61                     0 hru061             6017319.      0.0000000E+00  0.0000000E+00  0.0000000E+00
         365          12          31        2021          62                     0 hru062             4505986.      0.0000000E+00  0.0000000E+00  0.0000000E+00
         365          12          31        2021          63                     0 hru063             5705114.      0.0000000E+00  0.0000000E+00  0.0000000E+00
         365          12          31        2021          64                     0 hru064             6166688.      0.0000000E+00  0.0000000E+00  0.0000000E+00
         365          12          31        2021          65                     0 hru065             6095378.      0.0000000E+00  0.0000000E+00  0.0000000E+00
         365          12          31        2021          66                     0 hru066             6057420.      0.0000000E+00  0.0000000E+00  0.0000000E+00
         365          12          31        2021          67                     0 hru067             6369494.      0.0000000E+00  0.0000000E+00  0.0000000E+00
         365          12          31        2021          68                     0 hru068             6163519.      0.0000000E+00  0.0000000E+00  0.0000000E+00
         365          12          31        2021          69                     0 hru069             5614896.      0.0000000E+00  0.0000000E+00  0.0000000E+00
         365          12          31        2021          70                     0 hru070             6069817.      0.0000000E+00  0.0000000E+00  0.0000000E+00
         365          12          31        2021          71                     0 hru071             6479856.      0.0000000E+00  0.0000000E+00  0.0000000E+00
         365          12          31        2021          72                     0 hru072             5788653.      0.0000000E+00  0.0000000E+00  0.0000000E+00
         365          12          31        2021          73                     0 hru073             1605171.      0.0000000E+00  0.0000000E+00  0.0000000E+00
         365          12          31        2021          74                     0 hru074             2594666.      0.0000000E+00  0.0000000E+00  0.0000000E+00
         365          12          31        2021          75                     0 hru075             3521696.      0.0000000E+00  0.0000000E+00  0.0000000E+00
         365          12          31        2021          76                     0 hru076             6233454.      0.0000000E+00  0.0000000E+00  0.0000000E+00
         365          12          31        2021          77                     0 hru077             6220372.      0.0000000E+00  0.0000000E+00  0.0000000E+00
         365          12          31        2021          78                     0 hru078             6759551.      0.0000000E+00  0.0000000E+00  0.0000000E+00
         365          12          31        2021          79                     0 hru079             5564300.      0.0000000E+00  0.0000000E+00  0.0000000E+00
         365          12          31        2021          80                     0 hru080             6052548.      0.0000000E+00  0.0000000E+00  0.0000000E+00
         365          12          31        2021          81                     0 hru081             6457746.      0.0000000E+00  0.0000000E+00  0.0000000E+00
         365          12          31        2021          82                     0 hru082             6407454.      0.0000000E+00  0.0000000E+00  0.0000000E+00
         365          12          31        2021          83                     0 hru083             6491542.      0.0000000E+00  0.0000000E+00  0.0000000E+00
         365          12          31        2021          84                     0 hru084             5995990.      0.0000000E+00  0.0000000E+00  0.0000000E+00
         365          12          31        2021          85                     0 hru085             6236835.      0.0000000E+00  0.0000000E+00  0.0000000E+00
         365          12          31        2021          86                     0 hru086             2567100.      0.0000000E+00  0.0000000E+00  0.0000000E+00
         365          12          31        2021          87                     0 hru087             5086038.      0.0000000E+00  0.0000000E+00  0.0000000E+00
         365          12          31        2021          88                     0 hru088             6177483.      0.0000000E+00  0.0000000E+00  0.0000000E+00
         365          12          31        2021          89                     0 hru089             6208551.      0.0000000E+00  0.0000000E+00  0.0000000E+00
         365          12          31        2021          90                     0 hru090             5765202.      0.0000000E+00  0.0000000E+00  0.0000000E+00
         365          12          31        2021          91                     0 hru091             5866471.      0.0000000E+00  0.0000000E+00  0.0000000E+00
         365          12          31        2021          92                     0 hru092             5909800.      0.0000000E+00  0.0000000E+00  0.0000000E+00
         365          12          31        2021          93                     0 hru093             5966032.      0.0000000E+00  0.0000000E+00  0.0000000E+00
         365          12          31        2021          94                     0 hru094             5924063.      0.0000000E+00  0.0000000E+00  0.0000000E+00
         365          12          31        2021          95                     0 hru095             5661185.      0.0000000E+00  0.0000000E+00  0.0000000E+00
         365          12          31        2021          96                     0 hru096             5804929.      0.0000000E+00  0.0000000E+00  0.0000000E+00
         365          12          31        2021          97                     0 hru097             6179492.      0.0000000E+00  0.0000000E+00  0.0000000E+00
         365          12          31        2021          98                     0 hru098             5877898.      0.0000000E+00  0.0000000E+00  0.0000000E+00
         365          12          31        2021          99                     0 hru099             6069350.      0.0000000E+00  0.0000000E+00  0.0000000E+00
         365          12          31        2021         100                     0 hru100             6052069.      0.0000000E+00  0.0000000E+00  0.0000000E+00
         365          12          31        2021         101                     0 hru101             6292310.      0.0000000E+00  0.0000000E+00  0.0000000E+00
         365          12          31        2021         102                     0 hru102             1543572.      0.0000000E+00  0.0000000E+00  0.0000000E+00
         365          12          31        2021         103                     0 hru103             1560856.      0.0000000E+00  0.0000000E+00  0.0000000E+00
         365          12          31        2021         104                     0 hru104             2185906.      0.0000000E+00  0.0000000E+00  0.0000000E+00
         365          12          31        2021         105                     0 hru105             3774478.      0.0000000E+00  0.0000000E+00  0.0000000E+00
         365          12          31        2021         106                     0 hru106             966180.6      0.0000000E+00  0.0000000E+00  0.0000000E+00
         365          12          31        2021         107                     0 hru107             248362.3      0.0000000E+00  0.0000000E+00  0.0000000E+00
         365          12          31        2021         108                     0 hru108             1753711.      0.0000000E+00  0.0000000E+00  0.0000000E+00
         365          12          31        2021         109                     0 hru109             2511266.      0.0000000E+00  0.0000000E+00  0.0000000E+00
         365          12          31        2021         110                     0 hru110             2705915.      0.0000000E+00  0.0000000E+00  0.0000000E+00
         365          12          31        2021         111                     0 hru111             3017162.      0.0000000E+00  0.0000000E+00  0.0000000E+00
         365          12          31        2021         112                     0 hru112             180687.4      0.0000000E+00  0.0000000E+00  0.0000000E+00
         365          12          31        2021         113                     0 hru113             3029561.      0.0000000E+00  0.0000000E+00  0.0000000E+00
         365          12          31        2021         114                     0 hru114             3862410.      0.0000000E+00  0.0000000E+00  0.0000000E+00
         365          12          31        2021         115                     0 hru115             3521951.      0.0000000E+00  0.0000000E+00  0.0000000E+00
         365          12          31        2021         116                     0 hru116             3426489.      0.0000000E+00  0.0000000E+00  0.0000000E+00
         365          12          31        2021         117                     0 hru117             3664320.      0.0000000E+00  0.0000000E+00  0.0000000E+00
         365          12          31        2021         118                     0 hru118             3701417.      0.0000000E+00  0.0000000E+00  0.0000000E+00
         365          12          31        2021         119                     0 hru119             2004191.      0.0000000E+00  0.0000000E+00  0.0000000E+00
         365          12          31        2021         120                     0 hru120             3267534.      0.0000000E+00  0.0000000E+00  0.0000000E+00
         365          12          31        2021         121                     0 hru121             1544015.      0.0000000E+00  0.0000000E+00  0.0000000E+00
         365          12          31        2021         122                     0 hru122             2738276.      0.0000000E+00  0.0000000E+00  0.0000000E+00
         365          12          31        2021         123                     0 hru123             2929032.      0.0000000E+00  0.0000000E+00  0.0000000E+00
         365          12          31        2021         124                     0 hru124             3074783.      0.0000000E+00  0.0000000E+00  0.0000000E+00
         365          12          31        2021         125                     0 hru125             1946468.      0.0000000E+00  0.0000000E+00  0.0000000E+00
         365          12          31        2021         126                     0 hru126             3370411.      0.0000000E+00  0.0000000E+00  0.0000000E+00
         365          12          31        2021         127                     0 hru127             1254157.      0.0000000E+00  0.0000000E+00  0.0000000E+00
         365          12          31        2021         128                     0 hru128             4918402.      0.0000000E+00  0.0000000E+00  0.0000000E+00
         365          12          31        2021         129                     0 hru129             580544.0      0.0000000E+00  0.0000000E+00  0.0000000E+00
         365          12          31        2021         130                     0 hru130             4981071.      0.0000000E+00  0.0000000E+00  0.0000000E+00
         365          12          31        2021         131                     0 hru131             4251242.      0.0000000E+00  0.0000000E+00  0.0000000E+00
         365          12          31        2021         132                     0 hru132             358235.5      0.0000000E+00  0.0000000E+00  0.0000000E+00
         365          12          31        2021         133                     0 hru133             901395.6      0.0000000E+00  0.0000000E+00  0.0000000E+00
         365          12          31        2021         134                     0 hru134             1764238.      0.0000000E+00  0.0000000E+00  0.0000000E+00
         365          12          31        2021         135                     0 hru135             5969152.      0.0000000E+00  0.0000000E+00  0.0000000E+00
         365          12          31        2021         136                     0 hru136             4077145.      0.0000000E+00  0.0000000E+00  0.0000000E+00
         365          12          31        2021         137                     0 hru137             2506562.      0.0000000E+00  0.0000000E+00  0.0000000E+00
         365          12          31        2021         138                     0 hru138             1683760.      0.0000000E+00  0.0000000E+00  0.0000000E+00
         365          12          31        2021         139                     0 hru139             2163869.      0.0000000E+00  0.0000000E+00  0.0000000E+00
         365          12          31        2021         140                     0 hru140             2503967.      0.0000000E+00  0.0000000E+00  0.0000000E+00
         365          12          31        2021         141                     0 hru141             2736029.      0.0000000E+00  0.0000000E+00  0.0000000E+00
         365          12          31        2021         142                     0 hru142             3486675.      0.0000000E+00  0.0000000E+00  0.0000000E+00
         365          12          31        2021         143                     0 hru143             2985523.      0.0000000E+00  0.0000000E+00  0.0000000E+00
         365          12          31        2021         144                     0 hru144             2630916.      0.0000000E+00  0.0000000E+00  0.0000000E+00
         365          12          31        2021         145                     0 hru145             2917986.      0.0000000E+00  0.0000000E+00  0.0000000E+00
         365          12          31        2021         146                     0 hru146             3034216.      0.0000000E+00  0.0000000E+00  0.0000000E+00
         365          12          31        2021         147                     0 hru147             3922180.      0.0000000E+00  0.0000000E+00  0.0000000E+00
         365          12          31        2021         148                     0 hru148             1256099.      0.0000000E+00  0.0000000E+00  0.0000000E+00
         365          12          31        2021         149                     0 hru149             1832963.      0.0000000E+00  0.0000000E+00  0.0000000E+00
         365          12          31        2021         150                     0 hru150             3992339.      0.0000000E+00  0.0000000E+00  0.0000000E+00
         365          12          31        2021         151                     0 hru151             4237118.      0.0000000E+00  0.0000000E+00  0.0000000E+00
         365          12          31        2021         152                     0 hru152             2579324.      0.0000000E+00  0.0000000E+00  0.0000000E+00
         365          12          31        2021         153                     0 hru153             275195.0      0.0000000E+00  0.0000000E+00  0.0000000E+00
         365          12          31        2021         154                     0 hru154             275162.9      0.0000000E+00  0.0000000E+00  0.0000000E+00
         365          12          31        2021         155                     0 hru155             1050994.      0.0000000E+00  0.0000000E+00  0.0000000E+00
         365          12          31        2021         156                     0 hru156             3951628.      0.0000000E+00  0.0000000E+00  0.0000000E+00
         365          12          31        2021         157                     0 hru157             2991375.      0.0000000E+00  0.0000000E+00  0.0000000E+00
         365          12          31        2021         158                     0 hru158             3363445.      0.0000000E+00  0.0000000E+00  0.0000000E+00
         365          12          31        2021         159                     0 hru159             2373509.      0.0000000E+00  0.0000000E+00  0.0000000E+00
         365          12          31        2021         160                     0 hru160             4254992.      0.0000000E+00  0.0000000E+00  0.0000000E+00
         365          12          31        2021         161                     0 hru161             6516625.      0.0000000E+00  0.0000000E+00  0.0000000E+00
         365          12          31        2021         162                     0 hru162             4319272.      0.0000000E+00  0.0000000E+00  0.0000000E+00
         365          12          31        2021         163                     0 hru163             6646463.      0.0000000E+00  0.0000000E+00  0.0000000E+00
         365          12          31        2021         164                     0 hru164             6051780.      0.0000000E+00  0.0000000E+00  0.0000000E+00
         365          12          31        2021         165                     0 hru165             5714519.      0.0000000E+00  0.0000000E+00  0.0000000E+00
         365          12          31        2021         166                     0 hru166             6097023.      0.0000000E+00  0.0000000E+00  0.0000000E+00
         365          12          31        2021         167                     0 hru167             6101628.      0.0000000E+00  0.0000000E+00  0.0000000E+00
         365          12          31        2021         168                     0 hru168             6110846.      0.0000000E+00  0.0000000E+00  0.0000000E+00
         365          12          31        2021         169                     0 hru169             6225738.      0.0000000E+00  0.0000000E+00  0.0000000E+00
         365          12          31        2021         170                     0 hru170             6161614.      0.0000000E+00  0.0000000E+00  0.0000000E+00
         365          12          31        2021         171                     0 hru171             7571950.      0.0000000E+00  0.0000000E+00  0.0000000E+00
         365          12          31        2021         172                     0 hru172             7631154.      0.0000000E+00  0.0000000E+00  0.0000000E+00
         365          12          31        2021         173                     0 hru173             2233100.      0.0000000E+00  0.0000000E+00  0.0000000E+00
         365          12          31        2021         174                     0 hru174            2.1193922E+07  0.0000000E+00  0.0000000E+00  0.0000000E+00
         365          12          31        2021         175                     0 hru175             4553608.      0.0000000E+00  0.0000000E+00  0.0000000E+00
         365          12          31        2021         176                     0 hru176             5631350.      0.0000000E+00  0.0000000E+00  0.0000000E+00
         365          12          31        2021         177                     0 hru177             6106194.      0.0000000E+00  0.0000000E+00  0.0000000E+00
         365          12          31        2021         178                     0 hru178             6023748.      0.0000000E+00  0.0000000E+00  0.0000000E+00
         365          12          31        2021         179                     0 hru179             6054549.      0.0000000E+00  0.0000000E+00  0.0000000E+00
         365          12          31        2021         180                     0 hru180             4856824.      0.0000000E+00  0.0000000E+00  0.0000000E+00
         365          12          31        2021         181                     0 hru181             2961774.      0.0000000E+00  0.0000000E+00  0.0000000E+00
         365          12          31        2021         182                     0 hru182             2932797.      0.0000000E+00  0.0000000E+00  0.0000000E+00
         365          12          31        2021         183                     0 hru183             3937299.      0.0000000E+00  0.0000000E+00  0.0000000E+00
         365          12          31        2021         184                     0 hru184             2583208.      0.0000000E+00  0.0000000E+00  0.0000000E+00
         365          12          31        2021         185                     0 hru185             3487860.      0.0000000E+00  0.0000000E+00  0.0000000E+00
         365          12          31        2021         186                     0 hru186             1562168.      0.0000000E+00  0.0000000E+00  0.0000000E+00
         365          12          31        2021         187                     0 hru187             495922.2      0.0000000E+00  0.0000000E+00  0.0000000E+00
         365          12          31        2021         188                     0 hru188             2333742.      0.0000000E+00  0.0000000E+00  0.0000000E+00
         365          12          31        2021         189                     0 hru189             2371933.      0.0000000E+00  0.0000000E+00  0.0000000E+00
         365          12          31        2021         190                     0 hru190             5220924.      0.0000000E+00  0.0000000E+00  0.0000000E+00
         365          12          31        2021         191                     0 hru191             1091057.      0.0000000E+00  0.0000000E+00  0.0000000E+00
         365          12          31        2021         192                     0 hru192             1711415.      0.0000000E+00  0.0000000E+00  0.0000000E+00
         365          12          31        2021         193                     0 hru193             6975638.      0.0000000E+00  0.0000000E+00  0.0000000E+00
         365          12          31        2021         194                     0 hru194             4255496.      0.0000000E+00  0.0000000E+00  0.0000000E+00
         365          12          31        2021         195                     0 hru195             591078.8      0.0000000E+00  0.0000000E+00  0.0000000E+00
         365          12          31        2021         196                     0 hru196             3479052.      0.0000000E+00  0.0000000E+00  0.0000000E+00
         365          12          31        2021         197                     0 hru197             6182068.      0.0000000E+00  0.0000000E+00  0.0000000E+00
         365          12          31        2021         198                     0 hru198             5743064.      0.0000000E+00  0.0000000E+00  0.0000000E+00
         365          12          31        2021         199                     0 hru199             598645.1      0.0000000E+00  0.0000000E+00  0.0000000E+00
         365          12          31        2021         200                     0 hru200             599696.2      0.0000000E+00  0.0000000E+00  0.0000000E+00
         365          12          31        2021         201                     0 hru201             3467074.      0.0000000E+00  0.0000000E+00  0.0000000E+00
         365          12          31        2021         202                     0 hru202             4242822.      0.0000000E+00  0.0000000E+00  0.0000000E+00
         365          12          31        2021         203                     0 hru203             4611002.      0.0000000E+00  0.0000000E+00  0.0000000E+00
         365          12          31        2021         204                     0 hru204             2848626.      0.0000000E+00  0.0000000E+00  0.0000000E+00
         365          12          31        2021         205                     0 hru205             3929585.      0.0000000E+00  0.0000000E+00  0.0000000E+00
         365          12          31        2021         206                     0 hru206             3730292.      0.0000000E+00  0.0000000E+00  0.0000000E+00
         365          12          31        2021         207                     0 hru207             3254538.      0.0000000E+00  0.0000000E+00  0.0000000E+00
         365          12          31        2021         208                     0 hru208             3061341.      0.0000000E+00  0.0000000E+00  0.0000000E+00
         365          12          31        2021         209                     0 hru209             2679050.      0.0000000E+00  0.0000000E+00  0.0000000E+00
         365          12          31        2021         210                     0 hru210             3369269.      0.0000000E+00  0.0000000E+00  0.0000000E+00
         365          12          31        2021         211                     0 hru211             4034835.      0.0000000E+00  0.0000000E+00  0.0000000E+00
         365          12          31        2021         212                     0 hru212             5483160.      0.0000000E+00  0.0000000E+00  0.0000000E+00
         365          12          31        2021         213                     0 hru213             631330.5      0.0000000E+00  0.0000000E+00  0.0000000E+00
         365          12          31        2021         214                     0 hru214             3654866.      0.0000000E+00  0.0000000E+00  0.0000000E+00
         365          12          31        2021         215                     0 hru215             3700804.      0.0000000E+00  0.0000000E+00  0.0000000E+00
         365          12          31        2021         216                     0 hru216             4542186.      0.0000000E+00  0.0000000E+00  0.0000000E+00
         365          12          31        2021         217                     0 hru217             4082472.      0.0000000E+00  0.0000000E+00  0.0000000E+00
         365          12          31        2021         218                     0 hru218             4201648.      0.0000000E+00  0.0000000E+00  0.0000000E+00
         365          12          31        2021         219                     0 hru219             3674728.      0.0000000E+00  0.0000000E+00  0.0000000E+00
         365          12          31        2021         220                     0 hru220             684041.3      0.0000000E+00  0.0000000E+00  0.0000000E+00
         365          12          31        2021         221                     0 hru221            2.2602298E+07  0.0000000E+00  0.0000000E+00  0.0000000E+00
         365          12          31        2021         222                     0 hru222             3827109.      0.0000000E+00  0.0000000E+00  0.0000000E+00
         365          12          31        2021         223                     0 hru223             2920278.      0.0000000E+00  0.0000000E+00  0.0000000E+00
         365          12          31        2021         224                     0 hru224             3763518.      0.0000000E+00  0.0000000E+00  0.0000000E+00
         365          12          31        2021         225                     0 hru225             4673140.      0.0000000E+00  0.0000000E+00  0.0000000E+00
         365          12          31        2021         226                     0 hru226             3346780.      0.0000000E+00  0.0000000E+00  0.0000000E+00
         365          12          31        2021         227                     0 hru227             4203966.      0.0000000E+00  0.0000000E+00  0.0000000E+00
         365          12          31        2021         228                     0 hru228             3351597.      0.0000000E+00  0.0000000E+00  0.0000000E+00
         365          12          31        2021         229                     0 hru229             3720836.      0.0000000E+00  0.0000000E+00  0.0000000E+00
         365          12          31        2021         230                     0 hru230             4699052.      0.0000000E+00  0.0000000E+00  0.0000000E+00
         365          12          31        2021         231                     0 hru231             3114689.      0.0000000E+00  0.0000000E+00  0.0000000E+00
         365          12          31        2021         232                     0 hru232             4200657.      0.0000000E+00  0.0000000E+00  0.0000000E+00
         365          12          31        2021         233                     0 hru233             4158408.      0.0000000E+00  0.0000000E+00  0.0000000E+00
         365          12          31        2021         234                     0 hru234             2260436.      0.0000000E+00  0.0000000E+00  0.0000000E+00
         365          12          31        2021         235                     0 hru235             2797336.      0.0000000E+00  0.0000000E+00  0.0000000E+00
         365          12          31        2021         236                     0 hru236             2875256.      0.0000000E+00  0.0000000E+00  0.0000000E+00
         365          12          31        2021         237                     0 hru237             3399627.      0.0000000E+00  0.0000000E+00  0.0000000E+00
         365          12          31        2021         238                     0 hru238             3205894.      0.0000000E+00  0.0000000E+00  0.0000000E+00
         365          12          31        2021         239                     0 hru239            5.0601686E+08  0.0000000E+00  0.0000000E+00  0.0000000E+00
         365          12          31        2021         240                     0 hru240            5.1167664E+08  0.0000000E+00  0.0000000E+00  0.0000000E+00
         365          12          31        2021         241                     0 hru241            5.0788938E+08  0.0000000E+00  0.0000000E+00  0.0000000E+00
         365          12          31        2021         242                     0 hru242            5.1110102E+08  0.0000000E+00  0.0000000E+00  0.0000000E+00
         365          12          31        2021         243                     0 hru243            5.0770163E+08  0.0000000E+00  0.0000000E+00  0.0000000E+00
         365          12          31        2021         244                     0 hru244            5.1568218E+08  0.0000000E+00  0.0000000E+00  0.0000000E+00
         365          12          31        2021         245                     0 hru245            5.1585773E+08  0.0000000E+00  0.0000000E+00  0.0000000E+00
         365          12          31        2021         246                     0 hru246            2.1160680E+08  0.0000000E+00  0.0000000E+00  0.0000000E+00
         365          12          31        2021         247                     0 hru247             1663821.      0.0000000E+00  0.0000000E+00  0.0000000E+00
         365          12          31        2021         248                     0 hru248             326086.7      0.0000000E+00  0.0000000E+00  0.0000000E+00
         365          12          31        2021         249                     0 hru249             331346.9      0.0000000E+00  0.0000000E+00  0.0000000E+00
         365          12          31        2021         250                     0 hru250             2355325.      0.0000000E+00  0.0000000E+00  0.0000000E+00
         365          12          31        2021         251                     0 hru251            5.1304394E+08  0.0000000E+00  0.0000000E+00  0.0000000E+00
         365          12          31        2021         252                     0 hru252            3.8663616E+08  0.0000000E+00  0.0000000E+00  0.0000000E+00
         365          12          31        2021         253                     0 hru253            5.1502851E+08  0.0000000E+00  0.0000000E+00  0.0000000E+00
         365          12          31        2021         254                     0 hru254            5.2190390E+08  0.0000000E+00  0.0000000E+00  0.0000000E+00
         365          12          31        2021         255                     0 hru255            5.1571453E+08  0.0000000E+00  0.0000000E+00  0.0000000E+00
         365          12          31        2021         256                     0 hru256            3.0040118E+08  0.0000000E+00  0.0000000E+00  0.0000000E+00
         365          12          31        2021         257                     0 hru257            5.1578765E+08  0.0000000E+00  0.0000000E+00  0.0000000E+00
         365          12          31        2021         258                     0 hru258            5.1506192E+08  0.0000000E+00  0.0000000E+00  0.0000000E+00
         365          12          31        2021         259                     0 hru259            2.9989946E+08  0.0000000E+00  0.0000000E+00  0.0000000E+00
         365          12          31        2021         260                     0 hru260            2.7302333E+08  0.0000000E+00  0.0000000E+00  0.0000000E+00
         365          12          31        2021         261                     0 hru261            3.0237389E+08  0.0000000E+00  0.0000000E+00  0.0000000E+00
         365          12          31        2021         262                     0 hru262            5.2389850E+08  0.0000000E+00  0.0000000E+00  0.0000000E+00
         365          12          31        2021         263                     0 hru263            2.7047178E+08  0.0000000E+00  0.0000000E+00  0.0000000E+00
         365          12          31        2021         264                     0 hru264            5.1925530E+08  0.0000000E+00  0.0000000E+00  0.0000000E+00
         365          12          31        2021         265                     0 hru265            5.1816403E+08  0.0000000E+00  0.0000000E+00  0.0000000E+00
         365          12          31        2021         266                     0 hru266            5.1590848E+08  0.0000000E+00  0.0000000E+00  0.0000000E+00
         365          12          31        2021         267                     0 hru267            5.1574173E+08  0.0000000E+00  0.0000000E+00  0.0000000E+00
         365          12          31        2021         268                     0 hru268            4.8973405E+08  0.0000000E+00  0.0000000E+00  0.0000000E+00
         365          12          31        2021         269                     0 hru269            4.9172842E+08  0.0000000E+00  0.0000000E+00  0.0000000E+00
         365          12          31        2021         270                     0 hru270            5.1582426E+08  0.0000000E+00  0.0000000E+00  0.0000000E+00
         365          12          31        2021         271                     0 hru271            4.8303302E+08  0.0000000E+00  0.0000000E+00  0.0000000E+00
         365          12          31        2021         272                     0 hru272            4.8666531E+08  0.0000000E+00  0.0000000E+00  0.0000000E+00
         365          12          31        2021         273                     0 hru273            4.9456986E+08  0.0000000E+00  0.0000000E+00  0.0000000E+00
         365          12          31        2021         274                     0 hru274             1552036.      0.0000000E+00  0.0000000E+00  0.0000000E+00
         365          12          31        2021         275                     0 hru275             1616812.      0.0000000E+00  0.0000000E+00  0.0000000E+00
         365          12          31        2021         276                     0 hru276             2307606.      0.0000000E+00  0.0000000E+00  0.0000000E+00
         365          12          31        2021         277                     0 hru277             2158763.      0.0000000E+00  0.0000000E+00  0.0000000E+00
         365          12          31        2021         278                     0 hru278            5.3575850E+08  0.0000000E+00  0.0000000E+00  0.0000000E+00
         365          12          31        2021         279                     0 hru279            5.1519094E+08  0.0000000E+00  0.0000000E+00  0.0000000E+00
         365          12          31        2021         280                     0 hru280            5.1521526E+08  0.0000000E+00  0.0000000E+00  0.0000000E+00
         365          12          31        2021         281                     0 hru281            2.2058389E+08  0.0000000E+00  0.0000000E+00  0.0000000E+00
         365          12          31        2021         282                     0 hru282            2.1836200E+08  0.0000000E+00  0.0000000E+00  0.0000000E+00
         365          12          31        2021         283                     0 hru283            3.8245376E+08  0.0000000E+00  0.0000000E+00  0.0000000E+00
         365          12          31        2021         284                     0 hru284            3.7841677E+08  0.0000000E+00  0.0000000E+00  0.0000000E+00
         365          12          31        2021         285                     0 hru285            3.7593578E+08  0.0000000E+00  0.0000000E+00  0.0000000E+00
         365          12          31        2021         286                     0 hru286            3.7593536E+08  0.0000000E+00  0.0000000E+00  0.0000000E+00
         365          12          31        2021         287                     0 hru287            3.8208621E+08  0.0000000E+00  0.0000000E+00  0.0000000E+00
         365          12          31        2021         288                     0 hru288             6251808.      0.0000000E+00  0.0000000E+00  0.0000000E+00
         365          12          31        2021         289                     0 hru289             6211962.      0.0000000E+00  0.0000000E+00  0.0000000E+00
         365          12          31        2021         290                     0 hru290             6176010.      0.0000000E+00  0.0000000E+00  0.0000000E+00
         365          12          31        2021         291                     0 hru291             6055097.      0.0000000E+00  0.0000000E+00  0.0000000E+00
         365          12          31        2021         292                     0 hru292             5859896.      0.0000000E+00  0.0000000E+00  0.0000000E+00
         365          12          31        2021         293                     0 hru293             6120920.      0.0000000E+00  0.0000000E+00  0.0000000E+00
         365          12          31        2021         294                     0 hru294             1462170.      0.0000000E+00  0.0000000E+00  0.0000000E+00
         365          12          31        2021         295                     0 hru295             2383124.      0.0000000E+00  0.0000000E+00  0.0000000E+00
         365          12          31        2021         296                     0 hru296             2514657.      0.0000000E+00  0.0000000E+00  0.0000000E+00
         365          12          31        2021         297                     0 hru297             3481136.      0.0000000E+00  0.0000000E+00  0.0000000E+00
         365          12          31        2021         298                     0 hru298            2.3282902E+07  0.0000000E+00  0.0000000E+00  0.0000000E+00
         365          12          31        2021         299                     0 hru299             6440141.      0.0000000E+00  0.0000000E+00  0.0000000E+00
         365          12          31        2021         300                     0 hru300             5546549.      0.0000000E+00  0.0000000E+00  0.0000000E+00
         365          12          31        2021         301                     0 hru301             2277521.      0.0000000E+00  0.0000000E+00  0.0000000E+00
         365          12          31        2021         302                     0 hru302             5820830.      0.0000000E+00  0.0000000E+00  0.0000000E+00
         365          12          31        2021         303                     0 hru303             6073287.      0.0000000E+00  0.0000000E+00  0.0000000E+00
         365          12          31        2021         304                     0 hru304            5.3608285E+08  0.0000000E+00  0.0000000E+00  0.0000000E+00
         365          12          31        2021         305                     0 hru305            5.1580160E+08  0.0000000E+00  0.0000000E+00  0.0000000E+00
         365          12          31        2021         306                     0 hru306            4.9890400E+08  0.0000000E+00  0.0000000E+00  0.0000000E+00
         365          12          31        2021         307                     0 hru307            5.1085542E+08  0.0000000E+00  0.0000000E+00  0.0000000E+00
         365          12          31        2021         308                     0 hru308            5.0314374E+08  0.0000000E+00  0.0000000E+00  0.0000000E+00
         365          12          31        2021         309                     0 hru309            5.3626819E+08  0.0000000E+00  0.0000000E+00  0.0000000E+00
         365          12          31        2021         310                     0 hru310            5.1209994E+08  0.0000000E+00  0.0000000E+00  0.0000000E+00
         365          12          31        2021         311                     0 hru311            5.3690010E+08  0.0000000E+00  0.0000000E+00  0.0000000E+00
         365          12          31        2021         312                     0 hru312            5.1579875E+08  0.0000000E+00  0.0000000E+00  0.0000000E+00
         365          12          31        2021         313                     0 hru313            5.4220595E+08  0.0000000E+00  0.0000000E+00  0.0000000E+00
         365          12          31        2021         314                     0 hru314             3546628.      0.0000000E+00  0.0000000E+00  0.0000000E+00
